version: 1
creator: callgrind-3.12.0.SVN
pid: 6969
cmd:  ./dotprod_seq 30000 10
part: 1


desc: I1 cache: 
desc: D1 cache: 
desc: LL cache: 

desc: Timerange: Basic block 0 - 367014
desc: Trigger: Program termination

positions: line
events: Ir
summary: 6716675


ob=(4) /usr/lib/valgrind/vgpreload_core-amd64-linux.so
fl=(54) ???
fn=(222) 0x0000000000000690
0 17

fn=(514) 0x00000000000005c0
0 9

fn=(504) 0x0000000000000650
0 8
cob=(2) ???
cfi=(16) ???
cfn=(510) 0x0000000004a275a0
calls=1 0 
0 51
0 1
cfn=(514)
calls=1 0 
0 9
0 3

ob=(1) /lib/x86_64-linux-gnu/ld-2.24.so
fl=(43) /build/glibc-DfDqKW/glibc-2.24/elf/dl-reloc.c
fn=(164) _dl_relocate_object
149 40
+15 4
-15 8
+15 4
+1 24
+6 8
+6 12
-18 6
+22 6
+7 4
-32 4
+32 4
+44 4
fi=(5) /build/glibc-DfDqKW/glibc-2.24/elf/../sysdeps/x86_64/dl-machine.h
76 12
fe=(43)
232 8
fi=(5)
76 10
+6 4
+4 6
+14 2
-8 2
+10 2
-2 4
+20 4
+9 6
fe=(43)
259 153
-99 8
fi=(5)
305 16
fe=(43)
-46 2
fi=(4) /build/glibc-DfDqKW/glibc-2.24/elf/do-rel.h
58 2
-10 2
-1 4
+11 2
-11 2
+11 2
fe=(43)
259 2
-99 8
fi=(5)
305 16
fe=(43)
-46 2
fi=(4)
58 2
-10 2
-1 4
+11 2
-11 2
+11 2
fe=(43)
259 4
fi=(4)
58 4
-10 4
-1 8
+11 4
-11 4
+11 4
+3 8
fi=(5)
532 12
+4 12
+2 18
+1 6
fi=(4)
61 39
+2 56
+2 26
-4 3
+13 4
+1 5
+1 16
fi=(5)
532 8
+24 8
fi=(4)
75 8
fi=(5)
556 8
+2 8
cob=(3) /lib/x86_64-linux-gnu/libc-2.24.so
cfi=(52) /build/glibc-DfDqKW/glibc-2.24/string/../sysdeps/x86_64/multiarch/memmove.S
cfn=(200) memmove
calls=1 29 
* 13
cob=(3)
cfi=(51) /build/glibc-DfDqKW/glibc-2.24/time/../sysdeps/unix/sysv/linux/x86/gettimeofday.c
cfn=(196) gettimeofday
calls=1 37 
* 66
cob=(3)
cfi=(50) /build/glibc-DfDqKW/glibc-2.24/string/../sysdeps/x86_64/multiarch/strspn.S
cfn=(194) strspn
calls=1 30 
* 6
cob=(3)
cfi=(49) /build/glibc-DfDqKW/glibc-2.24/string/../sysdeps/x86_64/multiarch/strcspn.S
cfn=(192) strpbrk
calls=1 45 
* 6
cob=(3)
cfi=(45) /build/glibc-DfDqKW/glibc-2.24/string/../sysdeps/x86_64/multiarch/strcmp.S
cfn=(190) strncasecmp
calls=1 129 
* 5
cob=(3)
cfi=(49)
cfn=(188) strcspn
calls=1 45 
* 6
cob=(3)
cfi=(46) /build/glibc-DfDqKW/glibc-2.24/time/../sysdeps/unix/sysv/linux/x86/time.c
cfn=(182) time
calls=1 38 
* 66
cob=(3)
cfi=(45)
cfn=(180) strcasecmp
calls=1 109 
* 5
fi=(4)
75 8
fi=(5)
559 8
fi=(4)
75 11
fe=(43)
259 2
fi=(4)
75 14
fe=(43)
259 14
+3 16
+24 4
+3 8
+17 12
+2 32
fi=(4)
84 6
-1 12
+3 24
+12 18
+10 8
+3 11
fi=(5)
516 3
fi=(4)
112 6
fi=(5)
516 1205
fi=(4)
112 2398
fi=(5)
516 2398
+5 2404
+1 2404
fi=(4)
111 2404
fi=(5)
522 1202
fi=(4)
111 1202
+7 18
+6 5
-3 10
+3 11
fi=(5)
472 9
fi=(4)
127 432
+9 216
+3 108
-3 108
+3 108
fi=(5)
273 108
fi=(4)
138 108
-2 108
+1 432
fi=(5)
273 108
+21 216
+4 216
+7 432
fi=(44) /build/glibc-DfDqKW/glibc-2.24/elf/../sysdeps/generic/ldsodefs.h
102 282
fi=(5)
305 1887
fi=(4)
138 91
fi=(5)
305 182
fi=(4)
138 91
fi=(5)
305 91
fi=(4)
138 91
fi=(5)
305 1456
cfi=(6) /build/glibc-DfDqKW/glibc-2.24/elf/dl-lookup.c
cfn=(172) _dl_lookup_symbol_x
calls=91 810 
* 54752
* 728
+2 282
+3 104
-3 208
+3 312
+6 648
fe=(43)
178 8
+3 3
fi=(5)
411 42
+4 70
+5 42
+9 28
fi=(4)
124 42
fi=(5)
420 94
+9 188
fi=(4)
124 288
+19 6
fi=(5)
305 54
fe=(43)
+9 24
+3 4
-3 4
+3 4
+4 8
+1 12
cfi=(37) /build/glibc-DfDqKW/glibc-2.24/misc/../sysdeps/unix/syscall-template.S
cfn=(124) mprotect
calls=4 84 
* 20
* 12
fi=(5)
123 10
+6 8
fe=(43)
259 3
fi=(5)
+54 8
+1 1
cob=(3)
cfi=(51)
cfn=(196)
calls=1 37 
* 66
* 4
-9 53
fi=(4)
160 7
+2 24
+8 12
+1 6
-1 6
+1 6
fi=(5)
273 6
fi=(4)
170 18
fi=(5)
273 6
+21 12
+4 12
+7 24
fi=(44)
102 18
fi=(5)
305 210
cfi=(6)
cfn=(172)
calls=6 810 
* 2932
* 48
+2 18
+3 1
-3 2
+3 3
+6 36
420 6
+9 12
fi=(4)
160 19
+14 2
fi=(5)
305 36
fe=(43)

fl=(32) /build/glibc-DfDqKW/glibc-2.24/setjmp/../sysdeps/x86_64/setjmp.S
fn=(102) __sigsetjmp
26 3
+9 3
+1 6
+1 3
+4 3
+1 3
+1 3
+1 3
+1 3
+2 6
+2 3
+1 3
+1 3
+2 6
+2 3
+4 3
+1 3

fl=(37)
fn=(210) munmap
84 4
+1 1

fn=(124)
84 24
+1 6

fl=(67) /build/glibc-DfDqKW/glibc-2.24/elf/../sysdeps/x86_64/dl-trampoline.h
fn=(278) _dl_runtime_resolve_avx
64 1
+3 1
+2 1
+2 1
+3 1
+1 1
+1 1
+1 1
+1 1
+1 1
+1 1
+1 1
+1 1
+1 1
+1 1
+1 1
+1 1
+1 1
+1 1
+5 1
+1 1
+1 1
+1 1
+14 1
+1 1
+1 1
cfi=(68) /build/glibc-DfDqKW/glibc-2.24/elf/../elf/dl-runtime.c
cfn=(280) _dl_fixup
calls=1 -46 
* 556
+1 1
+5 1
+1 1
+1 1
+1 1
+13 1
+1 1
+1 1
+1 1
+1 1
+1 1
+1 1
+1 1
+1 1
+1 1
+1 1
+1 1
+1 1
+1 1
+1 1
+2 1
+2 1
+4 1
+3 1
cob=(3)
cfi=(69) /build/glibc-DfDqKW/glibc-2.24/malloc/malloc.c
cfn=(284) calloc
calls=1 3220 
* 59819

fn=(279) _dl_runtime_resolve_avx'2
64 1
+3 1
+2 1
+2 1
+3 1
+1 1
+1 1
+1 1
+1 1
+1 1
+1 1
+1 1
+1 1
+1 1
+1 1
+1 1
+1 1
+1 1
+1 1
+5 1
+1 1
+1 1
+1 1
+14 1
+1 1
+1 1
cfi=(68)
cfn=(280)
calls=1 -46 
* 1082
+1 1
+5 1
+1 1
+1 1
+1 1
+13 1
+1 1
+1 1
+1 1
+1 1
+1 1
+1 1
+1 1
+1 1
+1 1
+1 1
+1 1
+1 1
+1 1
+1 1
+2 1
+2 1
+4 1
+3 1
cfi=(73) /build/glibc-DfDqKW/glibc-2.24/elf/dl-open.c
cfn=(298) _dl_find_dso_for_object
calls=1 +23 
* 32

fl=(73)
fn=(298)
182 5
+1 4
+1 12
+1 2
+3 2
+4 1
-9 6

fl=(13) /build/glibc-DfDqKW/glibc-2.24/elf/dl-environ.c
fn=(30) _dl_next_ld_env_entry
30 3
+3 10
+13 57
-13 171
+2 118
+1 20
+5 2
-3 2
+3 2
+2 2
+7 1

fl=(27) /build/glibc-DfDqKW/glibc-2.24/string/../sysdeps/x86_64/multiarch/../strchr.S
fn=(78) index
24 7
+1 7
+1 7
+1 7
+1 7
+1 7
+1 7
+1 7
+1 7
+1 7
+1 7
+1 7
+1 7
+1 7
+1 7
+1 7
+1 7
+1 5
+4 5
+1 5
+1 5
+1 5
+2 5
+4 2
+1 2
+1 2
+1 2
+1 2
+1 2
+1 2
+1 2
+1 2
+1 2
+1 2
+1 2
+1 2
+1 2
+1 2
+1 2
+1 2
+1 2
+1 2
+1 2
+1 2
+1 2
+1 2
+1 2
+52 2
+4 2
+1 2
+1 2
+1 2
+2 2

fl=(11) /build/glibc-DfDqKW/glibc-2.24/string/../sysdeps/x86_64/strlen.S
fn=(24) strlen
66 14
+1 14
+1 14
+1 14
+1 14
+1 14
+1 14
+2 14
+2 14
+30 13
+1 13
+1 13
+1 13
+1 13
+1 6
+1 6
+4 7
+1 7
+1 7
+1 7
+1 7
+1 7
+1 7
+1 7
+1 7
+1 7
+1 7
+1 7
+5 56
+4 1
+1 14
+1 8

fl=(26) /build/glibc-DfDqKW/glibc-2.24/string/../sysdeps/x86_64/multiarch/../multiarch/memset-vec-unaligned-erms.S
fn=(76) memset
91 65
+2 13
+1 13
+1 6
+1 6
+2 4
+1 4
+2 4
+48 2
+1 2
+10 2
+1 2
+1 2
+1 2
+1 2
+1 2
+1 2
+1 2
+1 2
+1 2
+1 2
+1 2
+1 2
+1 2
+2 36
+1 36
+1 36
+1 36
+1 36
+1 36
+1 36
+1 2
+15 7
+1 7
+1 7
+1 4
+1 4
+1 2
+1 2
+24 3
+1 3
+2 3
+3 2
+1 2
+2 2
+3 2
+1 2
+2 2

fl=(18) /build/glibc-DfDqKW/glibc-2.24/string/../sysdeps/x86_64/multiarch/../multiarch/memmove-vec-unaligned-erms.S
fn=(48) memcpy
131 14
+2 14
+1 14
+1 8
+1 8
+5 5
+1 5
+1 5
+1 5
+5 5
260 6
+1 6
+1 1
+1 1
+1 1
+1 1
+1 1
+1 1
+1 1
+2 1
+22 5
+1 5
+1 5
+1 5
+1 5
+24 3
+1 3
+1 3
+1 3
+22 3
+1 3
+1 3
+1 3
+1 3
+1 3
+1 3
+1 3
+2 3

fn=(72) mempcpy
117 17
+1 17
+1 17
+14 17
+1 17
+1 3
+1 3
+5 2
+1 2
+1 2
+1 2
+5 2
260 14
+1 14
+1 7
+1 7
+1 4
+1 4
+1 3
+1 2
+1 2
+2 3
+22 7
+1 7
+1 7
+1 7
+1 7
+3 3
+1 3
+1 3
+1 3
+1 3
+3 1
+1 1
+1 1
+1 1
+1 1
+10 1
+1 1
+1 1
+1 1
+22 1
+1 1
+1 1
+1 1
+1 1
+1 1
+1 1
+1 1
+2 1

fl=(2) /build/glibc-DfDqKW/glibc-2.24/elf/rtld.c
fn=(52) rtld_lock_default_lock_recursive
688 10

fn=(158) init_tls
573 1
+6 1
-6 1
+2 2
+4 1
+10 4
cfi=(17) /build/glibc-DfDqKW/glibc-2.24/elf/dl-minimal.c
cfn=(38) calloc
calls=1 101 
* 32
* 1
+11 1
-15 1
+3 1
+6 1
+2 1
-11 1
+15 1
+2 1
-1 1
+1 10
+2 8
+4 1
+2 1
-2 2
-5 8
+9 3
+3 1
cfi=(30) /build/glibc-DfDqKW/glibc-2.24/elf/dl-tls.c
cfn=(160) _dl_determine_tlsoffset
calls=1 144 
* 66
+7 1
cfi=(30)
cfn=(162) _dl_allocate_tls_storage
calls=1 354 
* 434
+1 1
-1 1
+1 1
+6 1
+3 1
-3 1
+3 6
+3 1
+3 3

fn=(54) rtld_lock_default_unlock_recursive
694 10

fn=(100) _dl_initial_error_catch_tsd
648 8

fn=(150) version_check_doit
513 2
+2 4
cfi=(42) /build/glibc-DfDqKW/glibc-2.24/elf/dl-version.c
cfn=(152) _dl_check_all_versions
calls=1 380 
* 2647
* 2
+4 2

fn=(2) _dl_start
337 9
+18 4
fi=(3) /build/glibc-DfDqKW/glibc-2.24/elf/get-dynamic-info.h
45 1
fe=(2)
355 1
fi=(5)
59 3
fi=(3)
-14 1
fe=(2)
381 1
-3 1
fi=(3)
45 1
+25 2
-3 1
-19 1
+12 1
+5 1
+5 1
-2 1
-1 1
-3 2
-3 16
+10 4
-26 12
+16 13
+10 13
-26 39
+26 1
-26 3
+2 36
+13 20
+2 4
+16 2
+20 4
+1 4
+1 4
+1 4
+2 4
+5 4
+1 4
+1 4
+6 3
+5 2
+7 3
+1 3
+8 3
+2 3
+3 2
+1 2
fe=(2)
392 2
286 1
399 1
286 1
cfi=(6)
cfn=(10) _dl_setup_hash
calls=1 959 
* 23
+1 2
+1 2
+1 2
+1 2
+8 1
+9 1
-9 3
+9 1
-6 1
-3 1
+9 1
cfi=(7) /build/glibc-DfDqKW/glibc-2.24/elf/../elf/dl-sysdep.c
cfn=(12) _dl_sysdep_start
calls=1 86 
* 102766
* 1
+9 4
+3 1
+4 1
-4 1
+4 1
424 9
fi=(3)
65 4
fe=(2)
397 1
fi=(5)
76 1
fe=(2)
397 25
fi=(4)
84 1
+27 1
-28 1
+28 2
+1 2
fi=(5)
521 2
fi=(4)
112 18
fi=(5)
521 18
+1 20
fi=(4)
111 20
fi=(5)
522 10
fi=(4)
111 10
+5 2
+8 1
fi=(5)
316 1
+87 1
fi=(4)
124 2
+12 1
+3 2
-3 1
fi=(5)
270 1
fi=(4)
136 1
fi=(5)
298 1
fi=(4)
137 2
fi=(5)
298 1
fi=(4)
136 5
+3 10
-3 5
fi=(5)
270 5
fi=(4)
136 5
fi=(5)
298 5
fi=(4)
137 10
fi=(5)
298 5
+9 12
+3 6
-3 12
+3 18
+6 36
fi=(3)
68 4
+1 1
+1 2
fi=(4)
+54 19
fi=(5)
335 18
fe=(2)

fn=(28) dl_main
738 1
+19 1
-19 7
2353 1
738 3
+19 1
+3 1
2353 1
738 1
+22 1
+4 1
2348 1
764 1
+1 1
2353 1
765 1
+5 2
2346 2
+7 2
-4 1
+4 7
+2 2
cfi=(13)
cfn=(30)
calls=1 30 
* 60
* 4
cfi=(13)
cfn=(30)
calls=2 30 
* 328
* 9
+4 50
+1 19
-1 57
+3 4
+6 14
2514 3
+30 3
780 3
981 7
cfi=(15) /build/glibc-DfDqKW/glibc-2.24/elf/dl-object.c
cfn=(34) _dl_new_object
calls=1 61 
* 241
+2 1
-2 1
+2 1
+1 1
+1 1
+5 2
-5 1
+1 2
+4 1
cfi=(15)
cfn=(50) _dl_add_to_namespace_list
calls=1 32 
* 33
+1 3
747 1
1020 1
-3 1
-5 1
+1 1
+2 1
+5 5
+56 3
-37 1
+22 1
+15 2
-55 24
-1 27
+1 47
1123 5
+3 2
+2 2
+2 3
+13 3
+1 7
cfi=(19) /build/glibc-DfDqKW/glibc-2.24/string/../sysdeps/x86_64/multiarch/../strcmp.S
cfn=(56) strcmp
calls=1 144 
* 50
* 2
+7 1
+3 1
-5 1
+3 1
-3 1
+5 1
+1 2
+4 2
+2 2
fi=(3)
30 1
+9 2
+6 1
-2 1
+2 2
+15 1
+5 1
+3 1
+2 1
-3 1
-3 1
-3 22
+10 5
-26 15
+16 17
+10 17
-26 51
+26 1
-26 3
+2 46
+13 24
+2 4
+16 3
+20 3
+1 4
+1 4
+1 4
+2 4
+5 3
+1 4
+1 4
+6 3
+12 2
+1 3
+16 3
+14 3
+10 1
-8 3
+8 1
+5 2
+1 2
+2 2
fe=(2)
1166 2
cfi=(6)
cfn=(10)
calls=1 959 
* 23
+3 2
fi=(20) /build/glibc-DfDqKW/glibc-2.24/elf/setup-vdso.h
24 2
fe=(2)
1191 1
cfi=(9) /build/glibc-DfDqKW/glibc-2.24/elf/../sysdeps/unix/sysv/linux/dl-sysdep.c
cfn=(62) _dl_discover_osversion
calls=1 45 
* 86
* 8
-75 2
+1 2
+1 1
-6 2
+1 1
-88 3
+1 1
+50 2
-1 2
+1 4
-1 2
+2 4
+1 1
+3 2
+1 2
-1 2
+1 2
+1 2
+1 6
+1 2
-45 3
+9 1
-7 1
+25 1
-28 1
+10 1
-19 3
+1 1
fi=(3)
65 4
+3 4
+1 1
+1 3
fe=(2)
2442 4
cfi=(14) /build/glibc-DfDqKW/glibc-2.24/string/../sysdeps/x86_64/multiarch/../memcmp.S
cfn=(32) bcmp
calls=1 24 
* 31
* 2
+2 3
-55 4
cfi=(14)
cfn=(32)
calls=1 24 
* 18
* 2
+7 4
cfi=(14)
cfn=(32)
calls=1 24 
* 36
* 2
+2 3
1196 2
cfi=(22) /build/glibc-DfDqKW/glibc-2.24/elf/dl-load.c
cfn=(66) _dl_init_paths
calls=1 661 
* 1479
+3 3
cfi=(29) /build/glibc-DfDqKW/glibc-2.24/elf/dl-debug.c
cfn=(90) _dl_debug_initialize
calls=1 50 
* 17
+7 1
-7 1
+2 1
+5 1
+3 3
+1 1
+3 1
-3 3
+1 2
+3 1
+5 1
-7 1
+7 1
+1 5
+17 2
+1 2
+5 1
-3 3
+2 1
+1 3
+5 3
+1 5
+2 2
+1 2
+5 2
+5 1
753 1
1262 2
1439 1
cfi=(30)
cfn=(92) _dl_count_modids
calls=1 115 
* 4
* 1
+8 3
+3 1
+4 3
+5 1
+1 1
cfi=(29)
cfn=(94) _dl_debug_state
calls=1 74 
* 1
+1 1
+4 3
+15 3
+4 1
-2 1
+2 2
+31 3
cfi=(24) /build/glibc-DfDqKW/glibc-2.24/io/../sysdeps/unix/syscall-template.S
cfn=(70) access
calls=1 84 
* 9
* 2
+77 1
1481 1
1592 3
+17 3
+1 1
-1 1
+1 2
-1 1
+1 5
cfi=(39) /build/glibc-DfDqKW/glibc-2.24/elf/dl-deps.c
cfn=(132) _dl_map_object_deps
calls=1 161 
* 6532
+1 1
+5 1
-5 3
+2 2
+3 6
+1 3
-1 2
+1 9
-1 6
+4 3
+1 3
+1 1
+2 2
+1 6
-1 5
+1 7
-1 3
-28 5
+1 1
-1 3
+4 3
+1 1
+1 2
+1 3
+35 1
-1 1
+1 1
-1 1
+1 1
+2 1
+2 3
+2 1
-4 1
+5 1
-1 2
+14 2
+1 2
+1 3
+11 1
+2 1
-2 1
+2 2
-1 1
+1 1
-2 3
+2 1
cfi=(31) /build/glibc-DfDqKW/glibc-2.24/elf/dl-error.c
cfn=(148) _dl_receive_error
calls=1 205 
* 2687
+10 1
+1 1
-1 1
+1 1
+1 1
cfn=(158)
calls=1 573 
* 603
* 1
+2 2
703 1
fi=(126) /build/glibc-DfDqKW/glibc-2.24/elf/../sysdeps/unix/sysv/linux/dl-osinfo.h
64 2
fe=(2)
705 1
fi=(126)
77 1
fe=(2)
714 1
+7 1
-5 1
1692 3
1922 3
2092 4
+2 1
+5 3
cfi=(30)
cfn=(204) _dl_allocate_tls_init
calls=1 449 
* 140
+3 2
-59 3
+7 1
+2 7
+2 1
+2 12
+5 8
+2 8
+6 4
+2 8
+1 24
cfi=(43)
cfn=(164)
calls=3 149 
* 81192
+4 14
-22 10
+25 4
+2 2
+6 1
-6 1
+6 1
-10 2
cfi=(30)
cfn=(202) _dl_add_to_slotinfo
calls=1 890 
* 20
* 1
-12 1
+1 1
-3 2
+48 3
+2 2
+15 1
+2 1
-2 2
+3 1
-3 1
+3 1
-3 1
+3 3
cfi=(43)
cfn=(164)
calls=1 149 
* 4061
+1 4
+2 2
+8 1
cfi=(7)
cfn=(206) _dl_sysdep_start_cleanup
calls=1 256 
* 1
+4 3
+20 3
cfi=(29)
cfn=(90)
calls=1 50 
* 8
+1 1
-1 1
+2 1
cfi=(29)
cfn=(94)
calls=1 74 
* 1
+1 1
+4 1
cfi=(41) /build/glibc-DfDqKW/glibc-2.24/elf/dl-cache.c
cfn=(208) _dl_unload_cache
calls=1 322 
* 15
+5 8
1978 1
+11 1
-7 1
-4 1
+4 3
+4 2
+3 1
1635 2
1491 2
cfi=(11)
cfn=(24)
calls=1 66 
* 34
* 8
cfi=(18)
cfn=(48)
calls=1 131 
* 18
* 1
+3 6
+3 3
cfi=(17)
cfn=(82) strsep
calls=1 352 
* 766
* 3
cfi=(17)
cfn=(82)
calls=1 352 
* 6
* 6
+1 2
+1 3
+2 4
cfn=(96) do_preload
calls=1 654 
* 2339
* 2
+2 1
+2 2
-2 3
+2 3
1185 5

fn=(104) map_doit
480 1
+2 1
-2 1
+3 2
-1 3
+1 3
cfi=(22)
cfn=(106) _dl_map_object
calls=1 2167 
* 2235
* 1
+2 2

fn=(96)
654 4
+12 1
-12 2
+10 1
-4 1
+1 1
+5 4
-10 1
+6 1
+4 1
cfi=(31)
cfn=(98) _dl_catch_error
calls=1 163 
* 2311
+1 3
+8 3
+6 5

fl=(29)
fn=(94)
74 2

fn=(90)
50 8
+5 6
+5 2
-1 1
+1 2
+1 2
-1 1
+4 1
-13 4
+4 8
+4 1
-1 1
+1 4

fl=(42)
fn=(156) match_symbol
76 44
+9 4
-8 4
-1 8
+1 4
+8 4
+6 12
+15 4
+1 8
+2 4
+5 8
+14 36
+12 42
+4 14
-30 28
+16 4
+3 16
cfi=(19)
cfn=(56)
calls=4 +11 
* 186
* 8
+35 32

fn=(154) _dl_check_map_versions
174 32
+15 12
+2 4
+3 16
-3 4
+2 4
+1 4
+2 4
-3 4
+3 4
+3 4
+4 2
-4 2
+4 8
+17 2
56 4
220 2
56 10
+1 5
-1 10
+2 21
cfi=(33) /build/glibc-DfDqKW/glibc-2.24/elf/dl-misc.c
cfn=(108) _dl_name_match_p
calls=7 288 
* 710
* 14
228 6
+5 8
+4 6
+2 2
-2 14
-4 2
+4 6
+2 2
-2 32
cfn=(156)
calls=2 76 
* 241
* 8
cfn=(156)
calls=2 76 
* 229
* 4
+7 24
+3 12
+9 8
+14 4
+3 8
+10 29
-7 116
+3 87
-3 8
+3 6
+8 6
+87 36
-81 12
cfi=(17)
cfn=(38)
calls=3 101 
* 96
* 3
+1 3
-2 3
+2 3
+11 3
+2 3
-5 3
+3 3
+2 3
-2 3
+2 3
+3 8
+4 6
+18 2
-15 6
+2 6
-2 6
+2 6
+2 4
+1 4
-1 8
+1 4
-1 4
+1 4
+1 4
-2 4
+2 8
+1 12
+3 12
+8 6
+10 9
+3 8
+20 29
-14 62
-2 29
+6 29
+1 29
+1 29
-1 87
+1 29
-1 29
+1 29
+1 29
+3 95
183 2
-8 2
+95 5

fn=(152)
380 5
+4 7
+2 28
cfn=(154)
calls=4 174 
* 2572
-2 4
+2 12
-1 4
-1 8
+5 7

fl=(22)
fn=(136) open_path
2018 8
+1 1
+6 1
-6 1
+6 1
+5 9
-7 1
-1 1
+8 7
+74 5
-71 3
+9 4
+7 4
-12 1
+12 1
cfi=(18)
cfn=(72)
calls=1 117 
* 12
* 1
+33 5
-12 8
-20 23
+3 8
+5 8
-1 4
+1 8
-1 12
cfi=(18)
cfn=(72)
calls=4 117 
* 53
* 16
cfi=(18)
cfn=(72)
calls=4 117 
* 48
+3 8
+3 12
+3 36
cfn=(110) open_verify.constprop.7
calls=4 1695 
* 180
* 4
+2 20
+91 9
-24 7
+7 1
-2 1
+2 3
+3 3
-13 2
-57 8
+1 36
+6 8
+2 8
-2 8
+2 8
cfi=(40) /build/glibc-DfDqKW/glibc-2.24/io/../sysdeps/unix/sysv/linux/wordsize-64/xstat.c
cfn=(138) _xstat
calls=4 34 
* 49
* 8
+1 1
+2 1
-2 1
+2 7
+7 2
-7 3
+7 6
-30 3
+23 6

fn=(106)
2167 21
+8 3
-8 6
+8 3
+1 12
+3 42
+5 49
+2 21
cfi=(33)
cfn=(108)
calls=7 288 
* 897
* 14
+4 12
+1 18
+3 2
+1 2
+1 2
-1 2
+1 2
cfi=(19)
cfn=(56)
calls=2 144 
* 48
* 4
2478 27
2213 4
+9 2
-53 2
+53 4
+36 4
-2 2
+2 2
cfi=(27)
cfn=(78)
calls=2 24 
* 46
* 4
2409 2
372 3
cfi=(27)
cfn=(78)
calls=1 24 
* 47
* 2
+4 2
cfi=(28) /build/glibc-DfDqKW/glibc-2.24/string/strdup.c
cfn=(84) strdup
calls=1 40 
* 93
2410 1
-3 1
+3 2
+4 10
cfn=(110)
calls=1 1695 
* 283
+3 2
-3 1
+3 3
+12 3
+46 1
+1 4
-1 1
+1 8
cfn=(116) _dl_map_object_from_fd
calls=1 871 
* 1371
-1 1
+1 4
-1 1
+1 8
cfn=(116)
calls=1 871 
* 1693
* 6
2262 2
cfi=(11)
cfn=(24)
calls=1 66 
* 16
* 1
+2 1
-2 1
+2 1
+7 4
+35 2
+1 14
cfn=(136)
calls=1 2018 
* 703
+6 2
-6 1
+6 1
638 1
2314 1
638 2
2401 2
+28 3
+2 4
2275 1
+8 2
-8 1
+8 1
-8 1
+8 7
-3 3
638 1
2281 1
638 2
2336 1
-14 1
+14 1
+2 3
+4 2
cfi=(41)
cfn=(140) _dl_load_cache_lookup
calls=1 185 
* 1315
+2 1
-2 1
+2 1
+4 2
+8 3
+23 9
cfn=(110)
calls=1 1695 
* 358
+4 1
-4 1
+4 3
+1 3
-89 5
+1 7
638 1
2297 1
638 2

fn=(66)
661 1
+13 2
-13 8
+13 3
cfi=(23) /build/glibc-DfDqKW/glibc-2.24/elf/dl-hwcaps.c
cfn=(68) _dl_important_hwcaps
calls=1 39 
* 368
+5 1
-5 1
+5 1
cfi=(17)
cfn=(42) malloc
calls=1 92 
* 23
* 1
+1 1
-2 1
+2 2
+8 1
-1 1
+1 4
-1 3
+5 1
-5 1
+5 1
cfi=(17)
cfn=(42)
calls=1 92 
* 81
* 1
+2 1
-3 1
+3 1
+20 1
+9 1
-12 1
-2 1
-9 1
+1 1
+13 1
+9 1
-12 2
+1 1
+3 1
+8 2
-3 3
+3 3
-3 5
+1 12
cfi=(26)
cfn=(76)
calls=4 91 
* 48
+2 14
-14 6
+14 3
-12 3
-2 3
+3 3
+2 3
-3 3
+4 3
+4 3
-4 3
+1 3
+3 3
+1 3
-4 3
+4 3
+10 1
+4 1
-11 1
+6 1
+6 2
+2 4
+2 3
+38 5
+8 3
cfi=(27)
cfn=(78)
calls=1 24 
* 23
* 2
+2 2
cfi=(11)
cfn=(24)
calls=1 66 
* 16
* 8
cfi=(18)
cfn=(48)
calls=1 131 
* 10
* 1
+4 2
+15 4
+2 1
-4 4
+2 52
+2 13
-4 53
+8 1
cfi=(17)
cfn=(42)
calls=1 92 
* 23
* 1
+1 1
-2 1
+2 1
+6 9
cfn=(80) fillin_rpath
calls=1 433 
* 552
+4 5
+6 1
+4 8
-75 1
-2 2
+2 2
+14 2

fn=(80)
433 8
+2 1
-2 9
+5 1
cfi=(17)
cfn=(82)
calls=1 -86 
* 238
* 4
-66 3
cfi=(27)
cfn=(78)
calls=1 24 
* 23
* 2
+4 2
cfi=(28)
cfn=(84)
calls=1 40 
* 67
* 1
+68 2
cfi=(11)
cfn=(24)
calls=1 66 
* 16
+4 1
-4 1
+4 1
+22 15
+1 8
+55 2
+2 2
cob=(2)
cfi=(16)
cfn=(86) 0x0000000004000a90
calls=1 0 
* 7
* 2
-90 1
cfi=(17)
cfn=(82)
calls=1 -86 
* 6
* 3
+94 1
+3 9
-46 2
+4 5
-1 1
cfi=(17)
cfn=(42)
calls=1 92 
* 23
* 1
+3 1
-3 1
+3 2
+5 1
+1 2
-2 1
+2 1
cfi=(18)
cfn=(72)
calls=1 117 
* 12
+3 1
-3 1
+1 1
+2 1
+6 2
+1 1
-1 2
+1 12
+1 11
-1 2
+3 2
+1 3
+7 1
+1 1
-1 2
-67 6
+8 1
-3 3
+3 2
+26 2
-34 2
+65 2
-9 2

fn=(116)
871 22
+10 2
-10 2
+10 2
-10 6
+10 2
cfi=(29)
cfn=(90)
calls=2 50 
* 16
fi=(34) /build/glibc-DfDqKW/glibc-2.24/elf/../sysdeps/posix/dl-fileid.h
37 6
fe=(22)
881 2
fi=(34)
37 2
cfi=(35) /build/glibc-DfDqKW/glibc-2.24/io/../sysdeps/unix/sysv/linux/wordsize-64/fxstat.c
cfn=(120) _fxstat
calls=2 -3 
* 20
* 4
+4 2
fe=(22)
897 2
fi=(34)
40 2
+1 2
fe=(22)
897 29
+1 10
fi=(34)
49 12
fe=(22)
1443 18
915 4
+24 8
+10 4
+22 8
+32 4
882 2
1006 14
cfi=(15)
cfn=(34)
calls=2 61 
* 734
+1 2
-1 2
+1 2
+11 4
+5 2
-5 2
+1 4
+1 2
+2 2
-2 2
+2 4
+1 6
+1 2
+19 2
-2 2
+10 2
-8 12
+8 2
-8 4
+8 2
+87 2
+8 2
-8 8
+8 2
-8 6
-86 32
-1 102
+1 95
+6 4
+1 6
+1 2
+3 2
+1 1
+5 20
+5 32
+9 12
-1 12
+1 4
+1 8
+2 4
-2 4
+1 4
-1 4
+3 4
+4 4
-7 4
+2 4
+1 4
+4 4
+1 12
+5 2
-1 2
+1 2
-15 2
+14 2
+1 10
+10 2
-10 2
-1 2
+1 2
-15 2
+14 2
+1 10
+10 2
+3 3
+4 1
+1 1
+1 1
-1 2
+1 1
+3 3
+1 1
+3 1
-3 1
+7 4
+6 1
cfi=(30)
cfn=(146) _dl_next_tls_modid
calls=1 52 
* 6
* 2
+1 1
+59 4
+1 6
+1 2
-6 4
+1 2
+8 8
1019 2
1207 2
1019 2
1207 2
+10 4
fi=(36) /build/glibc-DfDqKW/glibc-2.24/elf/./dl-map-segments.h
56 4
fe=(22)
1217 8
fi=(36)
56 2
fe=(22)
1217 2
fi=(36)
50 2
fe=(22)
1217 4
fi=(36)
56 2
-6 4
+6 6
cfi=(25) /build/glibc-DfDqKW/glibc-2.24/misc/../sysdeps/unix/sysv/linux/wordsize-64/mmap.c
cfn=(74) mmap
calls=2 -23 
* 70
+4 2
-4 2
+4 6
+3 4
+1 2
+2 2
-2 2
-1 2
+3 2
+10 4
fi=(38) /build/glibc-DfDqKW/glibc-2.24/elf/./dl-load.h
+14 8
+1 6
+2 8
fi=(36)
+7 16
+6 2
+2 2
-2 2
+3 2
-2 2
+1 2
+1 2
-1 6
+8 6
+17 4
+12 4
-59 20
+2 8
fe=(22)
1229 8
+9 4
fi=(3)
39 2
fe=(22)
1238 2
fi=(3)
39 2
+6 2
-2 2
+2 4
+15 2
+5 2
+3 2
-1 2
-3 2
-3 36
+10 8
-26 24
+16 35
+10 35
-26 105
+26 2
-26 6
+2 90
+13 40
+2 8
+3 8
+13 4
+20 7
+1 8
+1 8
+1 8
+2 8
+5 8
+1 7
+1 8
+6 6
+5 4
+7 4
+1 6
+16 6
+5 1
+2 1
-2 1
+2 1
+2 2
+2 2
+3 6
+10 1
-8 4
+8 1
+5 2
+3 4
fe=(22)
1245 4
+15 6
+19 4
+2 10
+54 6
+1 2
+3 2
cfi=(24)
cfn=(130) close
calls=1 84 
* 5
* 2
cfi=(24)
cfn=(130)
calls=1 84 
* 5
* 4
+9 4
+2 6
+2 2
-2 2
+2 2
+16 4
cfi=(6)
cfn=(10)
calls=2 959 
* 46
+4 4
+1 4
+17 4
+9 2
-5 6
+5 2
+10 4
+10 6
cfi=(15)
cfn=(50)
calls=2 32 
* 82
+4 6
fi=(3)
68 8
+1 2
+1 8
fe=(22)
1391 2
fi=(36)
119 6
+8 14
cfi=(26)
cfn=(76)
calls=2 -36 
* 284
* 8
-54 4
-1 2
+1 4
-1 10
cfi=(37)
cfn=(124)
calls=2 +12 
* 10
* 4
+18 24
cfi=(25)
cfn=(74)
calls=2 -57 
* 62
* 8
fi=(38)
+4 5
+2 1
-1 3
+1 1
-1 1
+1 2
-1 2
+3 4
fi=(36)
+39 11
cfi=(25)
cfn=(74)
calls=1 33 
* 31
+3 4
fe=(22)
1233 2

fn=(110)
1695 66
+39 6
-39 18
+39 22
+31 24
cfi=(24)
cfn=(112) open
calls=6 84 
* 46
+2 6
-2 6
+2 8
+10 2
+1 4
+5 16
cfi=(24)
cfn=(114) read
calls=2 84 
* 10
+2 4
+2 2
+2 2
-2 4
+2 2
+6 4
+16 8
cfi=(14)
cfn=(32)
calls=2 24 
* 57
* 18
cfi=(14)
cfn=(32)
calls=2 24 
* 72
* 6
+74 4
+5 4
+2 8
+6 4
+11 4
+6 2
+1 2
-1 6
+1 6
+1 4
+20 82
+2 36
+4 8
+1 6
+13 2
+1 2
-1 2
+1 2
-1 2
+1 2
-2 2
+4 6
+5 1
+1 1
-13 4
cfi=(14)
cfn=(32)
calls=1 24 
* 25
* 8
cfi=(14)
cfn=(32)
calls=2 24 
* 60
* 6
+16 2
+3 1
+1 3
+1 1
-1 1
-1 1
+3 3
+1 5
+5 4
+23 54
1804 2
+7 4
cfi=(14)
cfn=(32)
calls=1 24 
* 24
* 2

fl=(14)
fn=(32)
24 13
+1 13
+1 13
+1 13
+1 13
+1 13
+1 13
+1 13
+3 13
+1 13
+1 5
+1 5
+1 5
+1 5
+1 5
+1 5
+1 5
+2 12
+1 12
+1 4
+1 4
+1 4
+1 4
+1 4
+1 4
+1 4
+2 12
+1 12
+1 5
+1 5
+1 5
+1 5
+1 2
+1 2
+1 2
+2 9
+1 9
+1 5
+1 5
+1 5
+1 5
+5 4
+1 4
+1 4
+1 4
+1 4
+1 4
+1 4
+1 2
+1 2
+1 2
+1 2
+1 2
+7 2
+2 3
+4 8
+1 8
+1 1
+1 1
+1 1
+1 1
+1 1
+1 1
+1 1
+1 1
+1 1
+1 1
+1 1
+4 9
+1 9

fl=(23)
fn=(68)
39 6
+3 1
-3 2
+3 1
-1 1
+1 1
+9 1
-12 4
+12 1
+10 4
162 2
-47 4
cfi=(24)
cfn=(70)
calls=1 -31 
* 9
* 3
+55 3
+2 2
+1 5
+4 2
+4 1
-4 1
+1 1
+3 1
+3 2
+4 6
+1 1
-1 8
+1 1
+80 2
-12 2
+12 1
+1 2
-1 5
+1 6
-1 11
+5 12
+4 3
-4 7
+4 9
+1 4
-1 4
+1 8
-2 4
+1 8
-1 14
+4 4
+4 1
-1 1
+2 1
-2 1
+1 1
+1 1
-2 1
+2 9
+13 2
+1 1
-1 1
+3 2
-3 2
+1 1
-1 1
+3 2
+3 4
+3 1
-1 1
+1 7
207 11
+1 4
cfi=(17)
cfn=(42)
calls=1 92 
* 23
* 1
+1 1
-1 1
+1 3
+29 1
+3 1
-3 2
+3 1
+2 4
cfi=(18)
cfn=(72)
calls=1 117 
* 16
* 4
cfi=(18)
cfn=(72)
calls=1 117 
* 15
+1 4
cfi=(18)
cfn=(72)
calls=1 117 
* 14
* 4
cfi=(18)
cfn=(72)
calls=1 117 
* 15
+25 10
113 1
+17 1
+1 1
-1 9

fl=(31)
fn=(98)
163 6
+15 3
-3 6
+1 6
-13 6
+14 6
+1 3
+2 3
cfi=(2)
cfn=(100)
calls=3 648 
* 6
+2 3
-1 3
+4 3
-3 6
+3 3
-4 3
+4 3
cfi=(32)
cfn=(102)
calls=3 26 
* 60
* 9
+2 9
cfi=(39)
cfn=(134) openaux
calls=2 60 
* 5111
cfi=(2)
cfn=(104)
calls=1 480 
* 2249
+1 6
+2 3
+1 3
-3 3
+1 6
+1 3
+9 3
-8 3
+8 9

fn=(148)
205 10
+1 1
cfi=(2)
cfn=(100)
calls=1 648 
* 2
+5 1
-1 1
-4 1
+9 1
+2 1
-3 1
+3 1
cfi=(2)
cfn=(150)
calls=1 513 
* 2657
+2 1
+1 1
+1 8

fl=(17)
fn=(82)
352 8
+2 4
+1 8
+4 132
+7 366
-2 244
+13 2
+4 4
-7 61
-15 187

fn=(46) __libc_memalign
53 87
+11 21
+1 21
-1 21
+3 21
-3 21
+3 42
-3 1
+1 1
-1 1
+3 1
-3 1
+3 82
-15 6
+20 8
+1 4
+2 2
+1 16
cfi=(25)
cfn=(74)
calls=2 -43 
* 66
+2 10
+4 6
+3 2
+1 2
+2 10
-2 20
-1 20
+3 40
-29 1
-1 1
+1 1
+1 2
-2 2

fn=(88) free
118 1
+2 3
+7 2

fn=(38)
101 8
+8 8
-1 16
-3 8
+4 16
+3 8
cfn=(42)
calls=8 -20 
* 190
* 8

fn=(42)
92 21
+1 42
cfn=(46)
calls=21 -40 
* 463
* 21

fl=(30)
fn=(162)
354 3
+2 1
+11 3
cfi=(17)
cfn=(46)
calls=1 53 
* 77
* 1
+1 2
+7 2
+4 1
-57 1
+57 296
-58 2
+1 2
cfi=(17)
cfn=(38)
calls=1 101 
* 32
* 1
+1 2
+3 1
+6 2
+64 5

fn=(204)
449 8
+1 1
-1 1
+1 1
+4 1
+6 2
-6 1
+6 1
-4 1
+16 1
-15 3
+20 6
+6 16
+3 1
+1 2
+6 3
+3 1
-2 2
+2 4
+1 1
+3 2
-1 2
+4 2
+1 4
+2 2
+9 1
-8 1
+8 1
-8 2
+8 1
cfi=(18)
cfn=(72)
calls=1 117 
* 12
* 4
cfi=(26)
cfn=(76)
calls=1 91 
* 33
* 2
-38 3
+52 3
+3 8

fn=(160)
144 1
-6 5
+6 2
+3 2
+36 3
+2 10
+3 1
-1 1
+5 2
-4 1
-1 2
+3 2
+2 3
+16 2
+3 2
-3 5
+2 2
+10 1
-37 2
+25 1
-25 7
+40 1
+1 1
+52 1
-1 1
+1 5

fn=(202)
890 4
+9 1
-3 2
+8 3
+42 3
-1 1
+1 2
+1 4

fn=(146)
52 4
+48 2

fn=(92)
115 2
+1 2

fl=(28)
fn=(84)
40 12
+1 3
cfi=(11)
cfn=(24)
calls=3 +25 
* 84
* 3
+1 6
cfi=(17)
cfn=(42)
calls=3 +50 
* 69
* 3
+2 6
+4 3
-1 6
+1 6
-1 6
cfi=(18)
cfn=(48)
calls=3 +84 
* 38

fl=(6)
fn=(174) do_lookup_x
355 693
+1 99
-1 495
+48 99
-30 99
-11 99
+41 99
+3 198
-3 198
-30 396
+33 396
-40 198
+3 198
-3 426
+3 426
+4 624
+4 624
+4 624
+6 936
+8 312
-4 312
+1 312
+3 624
+1 936
+3 312
+1 624
+4 624
+3 312
-5 312
+5 936
+3 2184
-99 222
557 1548
+1 86
cfi=(33)
cfn=(108)
calls=43 288 
* 4077
* 129
+3 666
+3 9
+1 792
-96 180
fi=(44)
102 270
fe=(6)
520 180
+3 664
+4 42
+12 180
+1 90
+1 180
414 376
-1 188
+2 188
+2 1222
+13 279
-10 915
+2 180
+1 450
-1 90
+2 90
-1 180
+1 90
-1 270
-1 90
+1 270
cfn=(176) check_match
calls=90 92 
* 8780
+4 270
+34 8
267 28
439 810

fn=(10)
959 12
+4 4
+4 8
+2 4
-1 4
+3 12
+1 4
+1 4
+3 4
-3 4
+7 4
-4 4
-1 4
+3 4
+2 4
-7 4
+7 8

fn=(176)
92 720
+3 630
+12 540
+3 460
cfi=(19)
cfn=(56)
calls=25 +34 
* 1119
* 50
+5 90
-1 90
+1 90
+2 178
+19 178
+1 712
+46 90
-7 90
+7 450
-18 2
+2 2
+1 1
-1 2
+1 3
-1 2
-29 267
cfi=(19)
cfn=(56)
calls=89 +6 
* 2747
* 267

fn=(172)
810 990
572 99
810 495
572 495
+1 99
-1 99
+1 297
-1 297
+1 1253
-1 1253
+1 3759
-1 3858
813 99
-1 99
+4 99
+4 99
-8 99
+1 99
+7 277
+7 99
-2 99
+2 99
-2 99
+6 99
-7 99
+7 198
-7 891
+15 9
-8 45
+2 1287
cfn=(174)
calls=99 355 
* 38816
+3 297
+26 297
+21 90
+1 630
+31 90
+9 360
+14 270
+3 360
+5 90
+2 891
-84 63
+15 9
+1 18
+59 2

fl=(19)
fn=(56)
144 239
+1 239
+2 239
+1 239
+21 239
+1 239
+1 165
+1 165
+1 156
+1 156
+1 156
+1 156
+21 156
+1 156
+1 156
+1 156
+1 156
+1 156
+1 156
+5 3
+1 3
+9 3
+1 3
+1 3
+1 3
+1 3
+1 3
+1 3
+1 3
-7 83
+1 83
+1 83
+1 83
+1 83
+1 83
+1 83
+1 83
+1 85
+1 55
+1 55
+1 55
+2 55
+1 55
+1 55
+1 55
+1 55
+1 55
-5 30
+1 30
+1 30
+1 30
+1 30
+1 30
+10 1
+1 1
+1 1
+2 1
+6 1
+1 1
+1 1
+1 1
+1 1
+5 1
+2 1
+1 1
+1 2
+8 1
+1 1
+3 1
+1 1
+1 1
+1 1
+1 1
+1 1
1196 5
+1 5
+1 5
+1 5
+1 5
+2 5
+1 5
+1 5
+1 5
+1 5
+1 5
+1 5
+1 1
+4 1
+1 1
+1 1
+6 1
+1 1
+1 2
+4 1
+1 1
+3 1
+1 1
+1 1
+3 1
+1 1
+1 1
+6 1
+1 1
+1 1
+1 1
+1 1
+1 1
+72 1
+1 1
+1 1
+1 1
+1 1
+2 1
+1 1
+1 1
+1 1
+1 1
+1 1
+1 1
+1 1
+4 1
+1 1
+1 1
+6 1
+1 1
+1 2
+4 1
+1 1
+3 1
+1 1
+1 1
+3 1
+1 1
+1 1
+6 1
+1 1
+1 1
+1 1
+1 1
+1 1
+72 1
+1 1
+1 1
+1 1
+1 1
+2 1
+1 1
+1 1
+1 1
+1 1
+1 1
+1 1
1571 1
+1 1
+1 1
+1 1
+1 1
+2 1
+1 1
+1 1
+1 1
+1 1
+1 1
+1 1
+1 1
+4 1
+1 1
+1 1
+6 1
+1 1
+1 2
+4 1
+1 1
+3 1
+1 1
+1 1
+3 1
+1 1
+1 1
+6 1
+1 1
+1 1
+1 1
+1 1
+1 1
+72 4
+1 4
+1 4
+1 4
+1 4
+2 4
+1 4
+1 4
+1 4
+1 4
+1 4
+1 4
+1 3
+4 3
+1 3
+1 3
+6 3
+1 3
+1 6
+4 3
+1 3
+3 3
+1 3
+1 3
+3 3
+1 3
+1 3
+6 3
+1 3
+1 3
+1 3
+1 3
+1 3
+72 3
+1 3
+1 3
+1 3
+1 3
+2 3
+1 3
+1 3
+1 3
+1 3
+1 3
+1 3
+1 3
+4 3
+1 3
+1 3
+6 3
+1 3
+1 6
+4 3
+1 3
+3 3
+1 3
+1 3
+3 3
+1 3
+1 3
+6 3
+1 3
+1 3
+1 3
+1 3
+1 3
+7 1
+1 1
+2 1
+1 1
+2 1
+1 1
+1 1
+3 1
+1 1
+1 1
+6 1
+1 1
+1 1
+1 1
+1 1
+1 1
+41 20
+1 20
+1 20
+1 20
+1 20
+2 20
+1 20
+1 20
+1 20
+1 20
+1 20
+1 20
2071 50
+1 50
+1 50
+1 50
+1 50
+2 50
+1 50
+1 50
+1 50
+1 50
+1 50
+1 50
+2 16
+4 16
+1 16
+1 16
+6 16
+1 16
+2 32
+4 16
+1 16
+3 16
+1 16
+1 16
+3 16
+1 16
+1 16
+6 16
+1 16
+1 16
+1 16
+1 16
+1 16
+74 26
+2 26
+1 26
+1 26
+1 26
-3 60
+1 60
+1 60
+1 60
+1 165
+5 55
+6 55
+1 55
+8 55
+1 55
-16 184
+6 184
+1 184
+8 184
+1 184

fl=(24)
fn=(114)
84 8
+1 2

fn=(112)
84 28
+1 3
+1 20

fn=(130)
84 12
+1 3

fn=(70)
84 12
+2 15

fl=(68)
fn=(280)
66 4
+6 4
-6 2
+3 4
+3 6
-4 2
+5 12
+1 2
-1 2
+1 4
+5 4
+4 4
+4 6
+4 4
+1 8
+2 8
+7 4
-1 2
+1 2
+10 18
cfi=(6)
cfn=(172)
calls=2 810 
* 1488
* 2
+4 10
+10 12
+16 2
-8 2
+8 6
+4 6
fi=(5)
+94 2
fe=(68)
-90 6

fl=(53) /build/glibc-DfDqKW/glibc-2.24/elf/dl-init.c
fn=(216) call_init.part.0
36 4
+3 4
-3 8
+3 12
-11 21
+16 15
+5 4
+9 12
cob=(3)
cfi=(55) /build/glibc-DfDqKW/glibc-2.24/csu/../csu/init-first.c
cfn=(230) _init
calls=1 -6 
* 176
cob=(2)
cfi=(16)
cfn=(218) 0x0000000004a27560
calls=1 -58 
* 6
* 2
+4 4
+6 2
+2 4
-2 4
+3 10
+1 8
cob=(3)
cfi=(61) /build/glibc-DfDqKW/glibc-2.24/string/../sysdeps/x86/cacheinfo.c
cfn=(242) init_cacheinfo
calls=1 485 
* 1751
cob=(4)
cfi=(54)
cfn=(222)
calls=1 -72 
* 17
* 2
-1 4
+3 18
-29 3
-5 2
+34 1

fn=(214) _dl_init
80 11
+1 1
+1 1
+3 3
+8 2
+1 2
+25 15
+1 12
-90 20
cfn=(216)
calls=3 +6 
* 2018
* 3
+96 8
-96 2
+58 2
+16 1
cfn=(216)
calls=1 -68 
* 76
* 1

fl=(21) /build/glibc-DfDqKW/glibc-2.24/posix/../sysdeps/unix/syscall-template.S
fn=(64) uname
84 4
+1 1

fl=(25)
fn=(74)
33 8
-1 80
+1 20
+1 80
+2 56
-3 18

fl=(9)
fn=(62)
45 7
+2 4
+85 8
-45 3
cfi=(21)
cfn=(64)
calls=1 -3 
* 5
* 1
+15 1
-15 1
+20 1
-1 1
+3 12
+4 3
-2 6
+2 9
+7 3
-1 3
+4 3
-2 3
+2 10
+5 2

fl=(7)
fn=(206)
256 1

fn=(12)
86 8
+25 1
-1 1
+1 186
+6 1
-3 1
+1 1
-4 1
+3 1
+3 4
+1 2
-1 25
+1 105
-1 102
+62 1
+1 1
-1 1
+1 1
-29 1
+1 2
+11 1
+1 1
-1 1
+1 1
-7 1
+1 1
-1 1
+1 1
-4 1
+1 2
-25 1
+1 2
-4 1
+1 2
-7 1
+1 1
+2 1
+1 1
fi=(9)
-90 2
cfi=(10) /build/glibc-DfDqKW/glibc-2.24/elf/../sysdeps/unix/sysv/linux/x86_64/brk.c
cfn=(18) brk
calls=1 -4 
* 11
fi=(5)
223 5
fi=(8) /build/glibc-DfDqKW/glibc-2.24/elf/../sysdeps/x86/cpu-features.c
113 1
-13 1
+1 1
+12 1
+3 1
-3 1
-11 1
+14 7
262 3
+1 1
+3 2
+1 1
+13 2
fe=(7)
-49 1
fi=(8)
+60 1
+1 1
+1 1
fe=(7)
-62 2
+1 1
cfi=(11)
cfn=(24)
calls=1 66 
* 32
* 1
+2 2
cfi=(12) /build/glibc-DfDqKW/glibc-2.24/elf/../misc/sbrk.c
cfn=(26) sbrk
calls=1 34 
* 17
* 3
+12 3
+3 5
cfi=(2)
cfn=(28)
calls=1 738 
* 102074
+2 9
fi=(8)
+29 4
+1 2
+4 2
122 5
cfn=(22) get_common_indeces.constprop.1
calls=1 -94 
* 61
+3 3
+84 2
+2 3
-91 2
281 2
128 2
-1 1
+1 1
+1 7
+48 2
+22 4
-64 2
fe=(7)

fl=(35)
fn=(120)
34 3
-1 3
+1 3
+1 18
+4 3

fl=(121) /build/glibc-DfDqKW/glibc-2.24/elf/dl-fini.c
fn=(480) _dl_fini
130 8
+20 15
+3 2
cfi=(2)
cfn=(52)
calls=1 688 
* 2
+2 1
+3 2
+2 8
+8 1
-3 1
+3 4
+5 1
-5 3
+7 8
+2 8
+2 4
+1 4
+5 4
-6 4
-6 4
+8 4
-8 9
+14 9
+1 2
+4 1
31 1
+2 1
192 1
33 1
+6 1
-1 1
+2 1
-2 2
+1 6
+1 1
-1 1
+1 1
cfi=(26)
cfn=(76)
calls=1 +51 
* 13
* 1
+77 15
+3 14
cfi=(26)
cfn=(76)
calls=2 -29 
* 32
* 3
-76 6
+1 3
-1 3
+1 6
+4 12
+6 6
+1 6
+2 15
+1 7
+2 9
+1 6
201 3
cfi=(2)
cfn=(54)
calls=1 694 
* 2
+5 3
81 4
208 1
+2 3
-2 3
+2 9
+3 8
+3 12
+4 4
+11 2
+1 2
-1 2
+2 4
+1 6
+1 4
cob=(4)
cfi=(54)
cfn=(504)
calls=1 0 
* 72
cob=(5) /home/jhillian/Área de Trabalho/dotprod_seq/dotprod_seq
cfi=(63) ???
cfn=(482) 0x0000000000000970
calls=1 0 
* 72
-1 8
+5 4
+1 6
cob=(2)
cfi=(16)
cfn=(520) 0x0000000004a27818
calls=1 0 
* 3
cob=(2)
cfi=(16)
cfn=(502) 0x0000000000108d5c
calls=1 0 
* 3
+6 24
+16 8
-56 11
+11 6
92 9
+21 3
-57 8
268 6
+6 2
+7 8

fl=(39)
fn=(134)
60 4
+7 2
-4 2
+2 2
-2 4
+2 2
-2 2
+2 4
-2 4
cfi=(22)
cfn=(106)
calls=2 2167 
* 5079
* 2
+5 4

fn=(132)
161 1
-1 1
+1 1
-1 4
+1 1
-1 2
+1 1
-1 2
+1 1
-1 2
+1 1
-9 1
+9 2
-15 1
+6 3
+26 1
-17 1
-17 1
+1 1
+1 1
+6 1
+26 4
-32 1
+33 1
-35 3
+2 2
-1 1
+1 2
+6 3
+26 1
-26 1
+26 5
+4 1
+21 1
+1 1
-22 2
+19 1
-12 1
+15 1
-16 2
+13 1
317 7
217 1
-4 1
+4 5
-4 3
+4 6
+12 8
+2 2
+11 2
-5 2
-6 4
+5 2
+2 4
+1 4
+3 12
+75 6
-25 4
+1 4
-51 192
+1 96
+6 10
cfi=(27)
cfn=(78)
calls=2 24 
* 70
* 4
+5 10
-3 2
+3 2
cfi=(31)
cfn=(98)
calls=2 -91 
* 5235
+2 6
+15 2
+2 4
+5 2
+6 2
+2 2
-8 4
+3 2
+1 2
+1 2
+1 2
+4 12
+7 138
459 8
+2 6
+3 4
-1 2
cfi=(17)
cfn=(42)
calls=2 92 
* 46
* 2
+2 2
-2 2
+2 2
+4 8
-1 2
+1 2
cfi=(18)
cfn=(48)
calls=2 131 
* 20
+1 12
cfi=(18)
cfn=(48)
calls=2 131 
* 20
+4 2
-1 2
+5 16
+3 9
-1 4
+1 8
+4 2
202 1
485 2
+4 5
+11 3
-1 1
cfi=(17)
cfn=(42)
calls=1 92 
* 23
* 1
+3 1
-3 1
+3 1
+5 7
+1 9
+8 8
+4 8
-4 4
-6 13
+13 2
+51 3
+2 3
+42 1
-4 1
+5 2
-1 4
+1 2
cfi=(26)
cfn=(76)
calls=1 91 
* 13
* 2
-2 9
+7 1
+6 1
-7 1
+1 1
+6 1
-7 3
+7 1
-13 2
+7 2
+6 2
-7 2
+1 2
+6 2
-7 6
+7 4
+2 8
+1 4
-1 4
+1 3
+2 9
+1 6
+28 18
cfi=(26)
cfn=(76)
calls=2 91 
* 32
* 12
485 3
+1 2
658 3
-28 6
+31 10
-6 2
+16 2
+2 1
+1 1
-1 1
+2 3
+7 3
+3 3
+3 8
229 8
-19 4
+8 25
+2 2
+2 6
+2 28
+84 9
611 8
cfi=(18)
cfn=(48)
calls=1 131 
* 10
+2 1
-38 1
+38 1

fl=(12)
fn=(26)
34 4
+8 6
+4 2
+16 5

fl=(1) ???
fn=(0) 0x0000000000000ca0
0 2
cfi=(2)
cfn=(2)
calls=1 337 
0 103409
0 14
cfi=(53)
cfn=(214)
calls=1 80 
0 2178
0 3
cob=(5)
cfi=(63)
cfn=(252) _start
calls=1 0 
0 6611069

fl=(41)
fn=(144) _dl_cache_libcmp
138 30
+1 22
+2 94
+2 47
-2 47
+2 2
+6 1
+2 1
-1 1
-1 1
+1 1
+1 4
+2 5
+2 2
+6 92
+2 166
+4 37
+1 37
-29 74
+32 3
-7 18

fn=(140)
185 9
+8 2
+3 3
+51 2
+9 1
+6 2
-6 2
+6 1
cfi=(24)
cfn=(70)
calls=1 84 
* 9
* 1
+4 1
-4 1
+4 3
+15 147
cfn=(144)
calls=9 138 
* 614
* 55
cfn=(144)
calls=1 138 
* 71
* 8
-82 4
cfi=(33)
cfn=(142) _dl_sysdep_read_whole_file
calls=1 45 
* 94
+8 1
-8 1
+8 4
+1 4
cfi=(14)
cfn=(32)
calls=1 24 
* 38
* 2
+7 1
-3 1
+3 3
+3 1
+1 2
-1 1
+1 1
+1 4
cfi=(14)
cfn=(32)
calls=1 24 
* 32
* 2
+61 7
+12 3
+4 2
+4 2
+8 3
cfi=(11)
cfn=(24)
calls=1 66 
* 34
* 2
+1 1
-1 4
+1 2
cfi=(18)
cfn=(48)
calls=1 131 
* 10
+1 2
cfi=(28)
cfn=(84)
calls=1 40 
* 85
+1 8
-45 4
-1 3
+15 15

fn=(208)
322 4
-1 1
+3 2
cfi=(37)
cfn=(210)
calls=1 84 
* 5
+1 1
+2 2

fl=(33)
fn=(142)
45 2
+7 1
-7 3
+7 1
-7 3
+7 1
cfi=(24)
cfn=(112)
calls=1 +32 
* 5
+1 2
+2 5
cfi=(35)
cfn=(120)
calls=1 -21 
* 10
* 2
+2 1
+3 1
-3 1
+3 1
+13 2
cfi=(24)
cfn=(130)
calls=1 +11 
* 5
+3 7
-14 6
cfi=(25)
cfn=(74)
calls=1 -29 
* 33
* 2

fn=(108)
288 285
+1 114
cfi=(19)
cfn=(56)
calls=57 144 
* 1974
* 57
+1 57
-1 57
+3 57
+2 114
+4 58
-4 116
+1 183
cfi=(19)
cfn=(56)
calls=61 144 
* 2148
* 122
-5 3
+11 69
-1 54
+1 216

fl=(10)
fn=(18)
31 7
+8 1
-6 2
+7 1

fl=(40)
fn=(138)
34 4
-1 4
+1 4
+1 24
+4 1
-4 12

fl=(15)
fn=(50)
32 15
+2 6
cfi=(2)
cfn=(52)
calls=3 688 
* 6
+2 3
-2 3
+2 19
+3 15
+2 2
+2 2
+4 2
+4 2
-4 4
+1 2
+4 4
-4 2
+1 2
+3 2
-3 2
+2 2
cfi=(2)
cfn=(54)
calls=2 694 
* 4
-4 1
+4 1
-4 2
+1 1
+4 2
-4 1
+1 1
+3 1
-3 1
+2 1
cfi=(2)
cfn=(54)
calls=1 694 
* 2
-5 2

fn=(34)
61 33
+1 3
-1 6
+1 3
cfi=(11)
cfn=(24)
calls=3 +4 
* 66
+6 3
-6 12
+6 12
+1 21
+6 15
cfi=(17)
cfn=(38)
calls=3 +26 
* 102
* 3
+3 3
-3 3
+3 3
+4 3
+5 6
-6 3
+1 6
+5 3
-1 3
+1 3
-1 3
+1 3
cfi=(18)
cfn=(48)
calls=3 +44 
* 41
+10 3
-10 3
+11 3
-1 3
-10 3
+10 3
-8 3
+8 6
+1 3
-1 3
+1 9
+3 3
-3 3
+3 3
+9 3
-7 3
+4 3
+3 9
+2 2
-2 2
+2 30
-2 30
+12 3
+6 3
-5 3
-1 3
+6 15
+2 2
+3 2
-3 2
+3 2
-3 4
+7 6
+4 6
+8 1
+3 1
+3 2
-3 1
+3 1
-3 2
+3 4
-3 2
+3 2
+2 6
cfi=(11)
cfn=(24)
calls=2 -91 
* 68
+4 2
-4 8
+4 6
+64 2
+4 27
102 8
+39 6
+70 6
cfi=(18)
cfn=(72)
calls=2 -94 
* 32
* 42
+6 40
-1 40
+1 42
-1 2
+1 6
+5 4
-89 2
+32 4
cfi=(17)
cfn=(42)
calls=2 -73 
* 46
* 2
+1 2
-1 2
+1 6
-33 2

fl=(8)
fn=(22)
28 1
-5 1
+5 3
+3 3
+4 1
-4 1
+4 1
-4 1
+3 1
+1 2
+1 4
+1 4
+1 3
+1 2
+7 2
+1 7
+7 3
+4 2
+2 4
+4 2
+2 1
+2 3
+2 1
+3 3
+16 2
+2 1
+3 2

ob=(3)
fl=(116) /build/glibc-DfDqKW/glibc-2.24/stdio-common/_itoa.c
fn=(456) _itoa_word
168 4
+2 2
+9 62
+9 2

fl=(78) /build/glibc-DfDqKW/glibc-2.24/gmon/../sysdeps/posix/profil.c
fn=(378) __profil_counter
40 6
+5 3
-5 12
+5 21
+2 6
+1 2
fi=(115) /build/glibc-DfDqKW/glibc-2.24/gmon/../sysdeps/unix/sysv/linux/x86_64/profil-counter.h
-18 3
fe=(78)

fn=(318) profil
64 10
+9 4
+13 6
+20 2
+3 1
-2 1
-5 1
+7 1
-3 2
-5 17
+1 1
+1 1
+1 1
+5 1
cfi=(79) /build/glibc-DfDqKW/glibc-2.24/signal/../nptl/sigaction.c
cfn=(320) sigaction
calls=1 -75 
* 105
* 2
+3 1
+1 1
cfi=(81) /build/glibc-DfDqKW/glibc-2.24/gmon/../sysdeps/unix/sysv/linux/prof-freq.c
cfn=(324) __profile_frequency
calls=1 -86 
* 3
* 2
+2 1
-2 1
+2 1
-2 3
+1 3
+1 1
-1 1
+1 1
cfi=(82) /build/glibc-DfDqKW/glibc-2.24/time/../sysdeps/unix/syscall-template.S
cfn=(326) setitimer
calls=1 -31 
* 5
+1 6
-38 1
-2 2
+4 4
cfi=(82)
cfn=(326)
calls=1 +4 
* 5
* 2
+3 3
-1 1
+1 1
cfi=(79)
cfn=(320)
calls=1 -49 
* 66
+33 6

fl=(79)
fn=(320)
34 6
+6 2
cfi=(80) /build/glibc-DfDqKW/glibc-2.24/signal/../sysdeps/unix/sysv/linux/x86_64/sigaction.c
cfn=(322) __libc_sigaction
calls=2 +7 
* 163

fl=(81)
fn=(324)
27 4
+1 2

fl=(113) /build/glibc-DfDqKW/glibc-2.24/string/../sysdeps/x86_64/strlen.S
fn=(440) strlen
66 2
+1 2
+1 2
+1 2
+1 2
+1 2
+1 2
+2 2
+2 2
+30 2
+1 2
+1 2
+1 2
+1 2
+1 2
+1 2

fl=(110) /build/glibc-DfDqKW/glibc-2.24/stdlib/divrem.c
fn=(434) __mpn_divrem
46 96
+3 24
234 108
62 12
+1 12
-16 12
+18 24
+7 27
+1 1
-1 2
+1 2
-1 2
+4 24
+3 12
+2 12
-14 1
+1 2

fl=(86) /build/glibc-DfDqKW/glibc-2.24/gmon/../sysdeps/x86_64/_mcount.S
fn=(350) mcount
29 5
+2 5
+2 5
+2 5
+2 5
+2 5
+2 5
+2 5
+5 5
+2 5
+1 5
cfi=(87) /build/glibc-DfDqKW/glibc-2.24/gmon/mcount.c
cfn=(352) __mcount_internal
calls=5 +9 
* 140
+3 5
+2 5
+2 5
+2 5
+2 5
+2 5
+2 5
+2 5
+2 5

fl=(94) /build/glibc-DfDqKW/glibc-2.24/stdio-common/vfprintf.c
fn=(386) vfprintf
1236 16
+31 6
+8 7
+4 10
+11 14
+11 2
fi=(127) /build/glibc-DfDqKW/glibc-2.24/stdio-common/printf-parse.h
108 4
fe=(94)
1316 2
-15 10
fi=(127)
108 2
cfi=(95) /build/glibc-DfDqKW/glibc-2.24/string/../sysdeps/x86_64/strchr.S
cfn=(388) strchrnul
calls=2 -84 
* 88
fe=(94)
1316 2
fi=(127)
108 2
fe=(94)
1312 2
+4 2
fi=(96) /build/glibc-DfDqKW/glibc-2.24/stdio-common/../libio/libioP.h
936 2
fe=(94)
1320 2
fi=(96)
936 2
+2 2
-2 6
+2 4
+1 4
fe=(94)
1320 12
cfi=(97) /build/glibc-DfDqKW/glibc-2.24/libio/fileops.c
cfn=(392) _IO_file_xsputn@@GLIBC_2.2.5
calls=2 -25 
* 1563
* 4
1690 10
+4 18
1275 2
+41 12
+1 28
1690 10
+1 4
1320 4
+4 2
-4 2
+4 4
+4 24
1552 4
-21 4
1370 32
-3 2
-5 2
-4 2
-1 2
-1 2
-1 2
-1 2
-1 2
-1 2
+15 2
-16 2
-1 2
-1 2
+14 2
-4 2
+8 2
-1 4
1630 2
+24 2
+2 4
+8 2
fi=(127)
108 4
fe=(94)
1664 2
fi=(127)
108 2
fe=(94)
1664 2
fi=(127)
108 2
cfi=(95)
cfn=(388)
calls=2 -84 
* 40
fe=(94)
1668 2
-4 2
+4 6
fi=(96)
938 6
+1 4
fe=(94)
1668 12
cfi=(97)
cfn=(392)
calls=2 1295 
* 451
* 24
+2 6
-34 47
fi=(96)
938 3
+1 2
fe=(94)
1636 6
cfi=(97)
cfn=(392)
calls=1 1295 
* 88
* 11
-27 18
+27 49
cfi=(101) /build/glibc-DfDqKW/glibc-2.24/stdio-common/printf_fp.c
cfn=(412) __printf_fp
calls=1 1257 
* 2868
* 22
cfi=(116)
cfn=(456)
calls=1 168 
* 70
* 27
+1 2
-1 18

fl=(99) /build/glibc-DfDqKW/glibc-2.24/libio/filedoalloc.c
fn=(398) _IO_file_doallocate
78 5
+6 4
fi=(124) /build/glibc-DfDqKW/glibc-2.24/libio/libioP.h
936 3
+2 2
+1 2
fe=(99)
84 3
cfi=(97)
cfn=(400) _IO_file_stat
calls=1 1237 
* 14
* 2
+2 4
+15 2
cob=(2)
cfi=(16)
cfn=(404) 0x0000000004c489b0
calls=1 0 
* 190
* 1
+2 1
-1 2
+2 4
cfi=(98) /build/glibc-DfDqKW/glibc-2.24/libio/genops.c
cfn=(406) _IO_setb
calls=1 380 
* 18
+1 1
+1 5
-15 1
fi=(128) /build/glibc-DfDqKW/glibc-2.24/libio/../sysdeps/unix/sysv/linux/sys/sysmacros.h
-50 6
fe=(99)
+50 1
-2 2
+8 1
-3 1
+3 2

fl=(66) /build/glibc-DfDqKW/glibc-2.24/gmon/gmon.c
fn=(316) moncontrol
80 4
-4 2
+7 4
+9 5
cfi=(78)
cfn=(318)
calls=1 -28 
* 98
+1 1
+2 4
-9 5
cfi=(78)
cfn=(318)
calls=1 -22 
* 179
+1 2

fn=(470) _mcleanup
418 1
+1 2
cfn=(316)
calls=1 80 
* 111
+2 2
+1 1
cfn=(472) write_gmon
calls=1 -87 
* 1456
+3 1
+1 1
-1 1
cob=(2)
cfi=(16)
cfn=(476) 0x0000000004c489b8
calls=1 0 
* 132

fn=(270) monstartup
101 2
+9 1
-9 2
+10 1
-1 1
+14 1
-13 1
-10 1
+9 1
+2 1
-1 1
+3 1
-2 1
+9 1
+3 1
-11 1
-1 1
+1 1
+11 1
-11 1
+10 1
+1 2
-11 2
+11 1
+1 2
+1 2
+5 2
-2 1
+2 2
cob=(1)
cfi=(67)
cfn=(278)
calls=1 -67 
* 60425
* 5
+1 2
+15 1
-7 1
-1 1
+9 1
-7 1
+1 1
+6 1
-3 1
-3 1
+24 1
-18 1
+3 11
+18 1
-1 1
+1 4
-1 1
cfn=(316)
calls=1 -88 
* 193

fn=(472)
335 1
+8 1
-8 7
+8 1
cfi=(120) /build/glibc-DfDqKW/glibc-2.24/stdlib/getenv.c
cfn=(474) getenv
calls=1 34 
* 404
+1 2
+10 7
+2 1
-2 1
+2 1
+23 2
+1 1
+1 2
+1 6
179 1
-2 1
+13 2
-11 2
+11 3
+22 1
+2 1
-24 5
+24 1
-2 1
+3 1
cfi=(81)
cfn=(324)
calls=1 27 
* 3
+1 1
+3 2
-4 1
+1 4
+3 1
-3 1
+3 1
-2 1
+2 4
+10 3
+14 1
-3 2
+1 1
+3 2
-6 2
+5 31
-3 62
+1 31
+3 62
-6 62
+10 1
+1 2
+27 1
-28 1
+1 1
-1 1
+1 2
+2 320
+5 16
-1 8
+4 4
-2 8
+13 4
-1 4
+1 16
+1 8
+1 12
+2 8
-2 24
+2 4
-25 240
+32 2
+1 6
+30 1
-17 1
+20 1
-24 1
+4 1
+25 1
-25 2
+17 1
-7 1
+1 1
-1 1
+1 1
-1 1
+1 1
-1 1
+1 1
+6 1
+81 3
+1 8

fl=(87)
fn=(352)
60 5
+12 10
-12 5
+12 10
+9 5
+1 10
+11 4
+4 4
-4 4
+4 8
+6 4
-5 4
+1 8
+4 8
+1 4
-1 4
+1 4
+4 4
+1 8
+1 4
+1 4
+1 4
+57 4
+5 8
-5 1
+5 2

fl=(98)
fn=(396) _IO_doallocbuf
395 2
-1 3
+3 4
+1 1
fi=(124)
936 3
+2 2
+1 2
fe=(98)
398 2
cfi=(99)
cfn=(398)
calls=1 78 
* 277
* 2
+3 4

fn=(446) __overflow
228 24
+2 36
+2 12
fi=(124)
936 36
+2 24
+1 24
fe=(98)
232 12
+1 24
-1 12
cfi=(97)
cfn=(394) _IO_file_overflow@@GLIBC_2.2.5
calls=12 816 
* 396

fn=(522) _IO_cleanup
954 2
+3 1
-3 5
+3 1
cfn=(524) _IO_flush_all_lockp
calls=1 766 
* 95
-63 1
+63 1
-63 2
fi=(124)
+42 2
fe=(98)
-32 1
fi=(124)
+32 2
fe=(98)
-32 3
+8 5
+2 2
+2 1
+1 1
-1 1
+2 2
+3 1
fi=(124)
+17 2
+1 2
fe=(98)
-18 4
cfi=(97)
cfn=(530) _IO_file_setbuf@@GLIBC_2.2.5
calls=1 458 
* 83
+2 3
+4 2
+7 3
-40 9
+2 9
+2 6
+6 12
+65 9
-42 3
+1 8

fn=(410) _IO_default_xsputn
425 2
-3 5
fi=(124)
936 1
fe=(98)
422 2
fi=(124)
936 3
fe=(98)
422 1
fi=(124)
936 3
fe=(98)
430 76
+25 56
fi=(124)
938 36
+1 36
fe=(98)
455 72
cfi=(97)
cfn=(394)
calls=18 816 
* 594
* 36
+2 18
-2 36
+4 1
+1 3
-1 1
+1 5

fn=(524)
766 8
+6 2
fi=(124)
936 2
fe=(98)
772 1
+11 1
fi=(124)
936 2
fe=(98)
782 3
-1 3
+1 3
+3 9
+10 6
+4 3
-2 3
+2 6
+7 3
-7 3
-20 6
+31 2
+2 3
+4 9
-38 1
-1 1
-5 1
+7 2
+6 12

fn=(406)
380 3
+1 4
+3 1
+2 4
-3 1
+3 2
+3 3

fn=(532) _IO_default_setbuf
522 2
fi=(124)
936 1
fe=(98)
522 3
fi=(124)
936 1
fe=(98)
522 3
+1 1
fi=(124)
936 1
+2 2
+1 2
fe=(98)
523 2
cfi=(97)
cfn=(534) _IO_file_sync@@GLIBC_2.2.5
calls=1 876 
* 17
* 2
+9 1
-7 1
+7 1
-7 1
+10 2
+2 1
-2 1
+1 3
+2 6
381 1
527 1
+1 1
-1 1
+1 1
381 4
+7 1
-5 1
+1 1
+4 2

fl=(71) /build/glibc-DfDqKW/glibc-2.24/malloc/arena.c
fn=(290) ptmalloc_init.part.5
255 6
+13 1
-8 1
+8 1
+6 3
+2 5
+16 2
-56 59
-18 180
+2 118
+1 4
+1 4
337 2
+7 2
+1 2
+3 1
+1 7
-80 5
cfi=(72) /build/glibc-DfDqKW/glibc-2.24/elf/dl-addr.c
cfn=(292) _dl_addr
calls=1 127 
* 57735
* 2
+1 4

fl=(101)
fn=(412)
1257 1
-1 1
+1 4
cfn=(414) __printf_fp_l
calls=1 215 
* 2862

fn=(432) hack_digit
169 18
+3 18
+2 24
+8 18
+21 3
cfi=(108) /build/glibc-DfDqKW/glibc-2.24/stdlib/../sysdeps/x86_64/mul_1.S
cfn=(428) __mpn_mul_1
calls=1 32 
* 20
+1 2
+1 5
+4 5
-23 36
cfi=(110)
cfn=(434)
calls=6 46 
* 193
+2 24
+3 6
-2 6
+3 6
-1 6
+1 36
+1 10
-1 5
+6 5
+1 5
+10 27

fn=(414)
215 10
+39 1
-39 1
+30 1
+16 1
-7 4
+10 1
-10 1
+10 1
fi=(102) /build/glibc-DfDqKW/glibc-2.24/stdio-common/../include/../locale/localeinfo.h
+45 1
fe=(101)
-24 1
fi=(102)
+24 1
fe=(101)
-24 1
fi=(102)
+24 1
fe=(101)
-42 2
+18 1
+8 1
-63 1
-1 1
332 1
+2 1
-2 1
+46 1
+3 2
+14 4
+16 9
cfi=(103) /build/glibc-DfDqKW/glibc-2.24/stdlib/../sysdeps/ieee754/dbl-64/dbl2mpn.c
cfn=(418) __mpn_extract_double
calls=1 37 
* 20
* 1
+4 1
-4 1
+4 2
+36 1
+12 1
-12 6
+1 1
+1 2
+2 5
+1 2
+1 2
-2 1
+1 1
-1 1
+2 1
+7 1
-8 1
+1 1
+7 1
812 1
+10 1
-10 1
+10 4
+2 1
-2 1
+2 1
+10 2
+48 1
-61 1
+61 2
+14 4
+1 1
-1 2
+7 1
fi=(129) /build/glibc-DfDqKW/glibc-2.24/stdio-common/../sysdeps/pthread/allocalim.h
29 2
fe=(101)
913 7
+4 1
-3 1
+3 2
+3 5
-6 6
+9 3
cfn=(432)
calls=1 169 
* 103
* 12
cfn=(432)
calls=4 169 
* 302
-3 5
+3 5
-3 10
+7 5
+2 2
-4 1
+4 2
+12 2
+1 5
+1 3
+1 2
172 18
+2 18
+8 18
950 12
-4 6
+1 6
+1 6
-5 23
1250 9
fi=(111) /build/glibc-DfDqKW/glibc-2.24/stdio-common/../sysdeps/generic/get-rounding-mode.h
94 1
+1 5
fe=(101)
1078 3
+7 2
+3 2
+13 3
+46 6
+2 6
+2 1
-2 2
+2 6
473 3
+16 12
+35 1
-1 1
+1 3
-1 1
+1 2
cfi=(105) /build/glibc-DfDqKW/glibc-2.24/string/../sysdeps/x86_64/multiarch/../multiarch/memmove-vec-unaligned-erms.S
cfn=(422) memcpy@GLIBC_2.2.5
calls=1 131 
* 10
* 1
+16 11
+9 2
+2 4
-2 11
+2 34
-57 12
+4 60
-4 1
+4 5
+2 6
+32 2
-2 14
cfi=(107) /build/glibc-DfDqKW/glibc-2.24/stdlib/mul.c
cfn=(426) __mpn_mul
calls=2 48 
* 136
+4 4
+2 4
435 12
186 36
cfi=(110)
cfn=(434)
calls=6 46 
* 180
+2 24
+3 6
-2 6
+3 6
-1 6
+1 36
+1 12
-1 6
+7 6
-1 24
959 7
+1 4
cfn=(432)
calls=1 169 
* 73
+2 8
+2 3
540 9
cfi=(106) /build/glibc-DfDqKW/glibc-2.24/stdlib/cmp.c
cfn=(424) __mpn_cmp
calls=3 35 
* 36
* 10
+3 5
cfi=(105)
cfn=(422)
calls=1 131 
* 10
+1 3
+1 3
+1 1
-2 1
+1 1
+1 2
-1 1
+1 2
-9 6
+15 1
+6 3
-6 1
+6 1
+4 16
+4 2
+2 1
-2 1
+2 1
+17 1
-1 3
+1 2
+3 4
+9 4
+32 3
-1 1
+1 3
cfi=(109) /build/glibc-DfDqKW/glibc-2.24/stdlib/../sysdeps/x86_64/rshift.S
cfn=(430) __mpn_rshift
calls=1 29 
* 17
+3 3
+1 5
-1 2
248 1
1154 2
+7 4
+9 3
+7 3
+5 3
cfi=(113)
cfn=(440)
calls=1 66 
* 16
* 1
+2 4
+5 4
+2 1
-2 1
+2 2
+11 5
+7 12
+3 22
+3 22
-6 36
+1 36
+1 4
cfi=(105)
cfn=(442) __GI_mempcpy
calls=1 117 
* 15
* 1
fi=(111)
95 2
fi=(112) /build/glibc-DfDqKW/glibc-2.24/stdio-common/../include/rounding-mode.h
-43 2
fe=(101)
1156 3
837 1
-1 1
+1 3
+3 3
+2 1
-5 2
+2 1
-1 1
+4 2
+2 3
484 7
-2 3
-1 1
+1 2
-1 3
cfi=(104) /build/glibc-DfDqKW/glibc-2.24/stdlib/../sysdeps/x86_64/lshift.S
cfn=(420) __mpn_lshift
calls=1 29 
* 15
+4 1
+1 1
-1 8
+1 1
-1 1
+1 1
+1 5
1239 3
+7 2
964 2
+3 3
1158 2
999 4
1219 3
+17 162
cfi=(98)
cfn=(446)
calls=12 228 
* 600
* 48
607 2
+19 1
-1 4
+1 1
-1 2
cfi=(109)
cfn=(430)
calls=1 29 
* 17
* 1
1236 1
837 2
1162 1
+23 2

fl=(89) /build/glibc-DfDqKW/glibc-2.24/stdlib/../stdlib/strtol.c
fn=(358) strtol
106 8
cfi=(90) /build/glibc-DfDqKW/glibc-2.24/stdlib/../stdlib/strtol_l.c
cfn=(360) ____strtol_l_internal
calls=2 227 
* 310

fl=(97)
fn=(448) _IO_file_write@@GLIBC_2.2.5
1266 2
-2 12
+2 8
+4 4
+1 8
cfi=(114) /build/glibc-DfDqKW/glibc-2.24/io/../sysdeps/unix/syscall-template.S
cfn=(450) write
calls=2 84 
* 16
+1 4
+5 2
+1 2
-12 4
+5 4
+10 6
+3 18

fn=(392)
1295 5
-1 10
-6 50
+13 20
+17 4
+4 4
+5 16
cfi=(105)
cfn=(442)
calls=4 117 
* 55
* 4
+6 4
-1 4
+1 8
+2 8
+27 10
+1 40
-45 1
+21 1
fi=(124)
936 3
+2 2
+1 2
fe=(97)
1339 2
fi=(124)
936 6
+2 4
+1 4
fe=(97)
1339 9
cfn=(394)
calls=3 816 
* 612
* 6
+6 6
+1 18
+2 9
+11 6
+1 4
cfi=(98)
cfn=(410)
calls=1 425 
* 987
* 2
-57 12
+1 8
+3 12
+2 80
-2 52
+4 2
+11 10

fn=(400)
1237 1
+1 3
cfi=(100) /build/glibc-DfDqKW/glibc-2.24/io/../sysdeps/unix/sysv/linux/wordsize-64/fxstat.c
cfn=(402) _fxstat
calls=1 34 
* 10

fn=(408) _IO_do_write@@GLIBC_2.2.5
502 9
+1 1
-3 20
+11 4
+7 14
+8 2
fi=(124)
938 4
+1 4
fe=(97)
526 8
cfn=(448)
calls=2 1266 
* 90
* 2
+1 10
+6 2
-4 2
+4 2
-4 6
+1 4
+3 2
-2 2
-29 8
+1 16
+29 4

fn=(394)
816 99
+7 33
-8 165
+8 161
+35 66
+3 60
+3 90
+1 90
+1 150
+5 120
-45 2
+12 2
+9 4
+8 1
-4 1
+3 2
-2 2
-3 1
+1 2
+5 1
-1 1
+1 3
+1 2
+3 3
+1 3
+11 9
-12 3
cfn=(408)
calls=3 502 
* 216
-31 2
cfi=(98)
cfn=(396)
calls=1 395 
* 302
+1 6

fn=(534)
876 4
+5 4
+2 1
+1 2
+17 1
+4 1
-4 1
+4 3

fn=(530)
458 2
+1 1
cfi=(98)
cfn=(532)
calls=1 +63 
* 68
* 2
+4 2
-1 2
+2 3
+2 1
+1 2

fl=(64) /build/glibc-DfDqKW/glibc-2.24/csu/../csu/libc-start.c
fn=(254) (below main)
134 7
+4 1
-4 3
+4 4
+82 1
-82 1
+82 1
+1 4
cfi=(65) /build/glibc-DfDqKW/glibc-2.24/stdlib/cxa_atexit.c
cfn=(256) __cxa_atexit
calls=1 57 
* 60
+22 4
+3 2
+1 5
cob=(5)
cfi=(63)
cfn=(260) __libc_csu_init
calls=1 0 
* 60834
+4 4
+15 2
+12 2
cfi=(83) /build/glibc-DfDqKW/glibc-2.24/setjmp/../sysdeps/x86_64/bsd-_setjmp.S
cfn=(342) _setjmp
calls=1 30 
* 29
+1 2
+5 2
+1 2
+3 2
+3 6
cob=(5)
cfi=(63)
cfn=(348) main
calls=1 0 
* 6547372
+34 2
cfi=(118) /build/glibc-DfDqKW/glibc-2.24/stdlib/exit.c
cfn=(464) exit
calls=1 105 
* 2704
* 2

fl=(105)
fn=(422)
131 2
+2 2
+1 2
+1 2
+1 2
+5 2
+1 2
+1 2
+1 2
+5 2

fn=(442)
117 5
+1 5
+1 5
+14 5
+1 5
+1 1
+1 1
+5 1
+1 1
+1 1
+1 1
+5 1
260 4
+1 4
+1 4
+1 4
+1 2
+1 2
+1 2
+1 2
+1 2
+2 2
+29 2
+1 2
+1 2
+1 2
+1 2

fl=(49)
fn=(192)
45 1
+1 1
+1 1
+1 1
+1 1
+1 1

fn=(188)
45 1
+1 1
+1 1
+1 1
+1 1
+1 1

fl=(104)
fn=(420)
29 1
+1 1
+2 1
+1 1
+1 1
+12 1
+1 1
+1 1
+1 1
+1 1
+1 1
+1 1
+6 1
+1 1
+1 1

fl=(122) /build/glibc-DfDqKW/glibc-2.24/stdlib/cxa_finalize.c
fn=(490) __cxa_finalize
31 8
+17 2
-17 8
+4 8
+4 12
-4 6
+32 8
+4 12
-4 6
+12 4
+3 2
-2 2
+2 12
-2 2
cfi=(123) /build/glibc-DfDqKW/glibc-2.24/nptl/unregister-atfork.c
cfn=(492) __unregister_atfork
calls=2 -44 
* 8

fl=(82)
fn=(326)
84 8
+1 2

fl=(120)
fn=(474)
34 8
+1 1
cfi=(113)
cfn=(440)
calls=1 +31 
* 16
* 1
+4 7
+3 2
+49 9
-16 1
-8 1
+6 1
-1 1
+3 238
+9 118

fl=(60) /build/glibc-DfDqKW/glibc-2.24/ctype/ctype-info.c
fn=(240) __ctype_init
31 5
+2 1
+2 1
-4 1
+4 1
-4 1
+2 3
+2 3

fl=(85) /build/glibc-DfDqKW/glibc-2.24/setjmp/sigjmp.c
fn=(346) __sigjmp_save
29 1
-1 2
+1 2
+5 3

fl=(93) /build/glibc-DfDqKW/glibc-2.24/stdio-common/printf.c
fn=(384) printf
28 24
+4 1
+1 2
-1 5
+1 3
cfi=(94)
cfn=(386)
calls=1 1236 
* 4823
-1 1
+1 2
-1 5
+1 3
cfi=(94)
cfn=(386)
calls=1 1236 
* 949
+4 4

fl=(65)
fn=(256)
57 10
-22 2
+22 2
-22 2
cfn=(258) __new_exitfn
calls=2 +38 
* 82
+2 4
+4 2
+3 2
+1 2
-4 4
+2 2
+4 2
+1 2
+11 8

fn=(258)
73 4
+6 2
-6 2
+6 2
-6 2
+6 8
+2 12
+2 6
+1 5
-3 1
+10 2
-10 2
+2 2
+11 2
+25 1
+1 1
-1 1
+1 1
-1 1
+7 1
+1 1
+3 2
-4 1
+1 1
+3 6
+3 10
-21 1
+1 2

fl=(48) /build/glibc-DfDqKW/glibc-2.24/elf/../sysdeps/unix/sysv/linux/dl-vdso.c
fn=(186) _dl_vdso_vsym
27 10
+4 10
-3 5
+20 5

fl=(75) /build/glibc-DfDqKW/glibc-2.24/misc/sbrk.c
fn=(308) sbrk
34 2
+8 2
-8 6
+8 9
+4 4
+4 6
+12 5
-19 2
cfi=(76) /build/glibc-DfDqKW/glibc-2.24/misc/../sysdeps/unix/sysv/linux/x86_64/brk.c
cfn=(310) brk
calls=1 -12 
* 12
* 4
+15 2
cfi=(76)
cfn=(310)
calls=1 -27 
* 12
* 2
+4 5

fl=(90)
fn=(360)
227 4
+48 2
-48 10
+47 2
-47 2
+26 2
-26 2
+26 2
+31 8
+9 12
+2 4
+5 4
+5 2
-6 2
+6 2
+4 4
+10 4
+7 4
435 2
-56 2
+56 8
+26 2
+12 2
-11 2
+11 2
-11 4
+11 4
-36 21
-4 14
+2 7
-2 7
+2 23
+44 4
+5 6
+6 4
+3 6
+33 16
329 10
-82 4
465 21
+3 28
+5 7
+1 28
+17 4

fl=(95)
fn=(388)
24 4
+1 4
+1 4
+1 4
+1 4
+1 4
+1 4
+1 4
+1 4
+1 4
+1 4
+1 4
+1 4
+1 4
+1 4
+1 4
+1 4
+1 2
+2 2
+7 2
+4 2
+1 2
+1 2
+1 2
+1 2
+1 2
+1 2
+1 2
+1 2
+1 2
+1 2
+1 2
+1 2
+1 2
+1 2
+1 2
+1 2
+1 2
+1 2
+1 2
+1 2
+1 2
+1 2
+1 2
+52 2
+2 2
+7 2

fl=(76)
fn=(310)
31 16
+8 2
-6 4
+7 2

fl=(72)
fn=(292)
127 9
+5 1
-5 2
+5 2
cob=(1)
cfi=(2)
cfn=(52)
calls=1 688 
* 2
+2 2
cob=(1)
cfi=(67)
cfn=(279)
calls=1 -70 
* 1164
* 5
+2 2
30 1
+1 1
-1 1
+1 1
+3 2
+5 1
+6 1
-7 1
+2 2
+2 1
-2 1
+2 1
+3 1
+5 8
+2 1
+1 2
-1 1010
+1 2020
+2 3628
+9 2019
+7 25
-2 25
+2 2264
-2 2214
+2 5760
-10 11195
+2 8956
+1 14345
+7 1011
-21 2022
+50 3
+1 1
+1 3
+3 2
+37 2
cob=(1)
cfi=(2)
cfn=(54)
calls=1 694 
* 2
+3 9
-28 1
+1 1
+21 2

fl=(46)
fn=(182)
38 1
-1 1
+1 6
fi=(47) /build/glibc-DfDqKW/glibc-2.24/time/../sysdeps/generic/dl-hash.h
+10 3
+14 4
-17 3
+3 9
+14 12
-17 9
+22 1
fe=(46)
-29 2
+3 2
-3 1
+3 1
cfi=(48)
cfn=(186)
calls=1 -14 
* 6
+1 3
+1 2

fl=(83)
fn=(342)
30 1
+2 1
cfi=(84) /build/glibc-DfDqKW/glibc-2.24/setjmp/../sysdeps/x86_64/setjmp.S
cfn=(344) __sigsetjmp
calls=1 -6 
* 27

fl=(123)
fn=(492)
36 2
+3 4
+82 2

fl=(100)
fn=(402)
34 1
-1 1
+1 1
+1 6
+4 1

fl=(106)
fn=(424)
35 6
+2 3
+1 3
+1 6
+8 18

fl=(50)
fn=(194)
30 1
+1 1
+1 1
+1 1
+1 1
+1 1

fl=(84)
fn=(344)
26 1
+9 1
+1 2
+1 1
+4 1
+1 1
+1 1
+1 1
+1 1
+2 2
+2 1
+1 1
+1 1
+2 2
+2 1
+8 1
cfi=(85)
cfn=(346)
calls=1 -34 
* 8

fl=(114)
fn=(450)
84 4
cfn=(452) __write_nocancel
calls=2 * 
* 12

fn=(452)
84 12

fl=(109)
fn=(430)
29 2
+1 2
+1 2
+13 2
+1 2
+16 2
+1 2
+1 2
+1 2
+1 2
+1 2
+1 2
+5 2
+1 2
+1 2
+1 2
+1 2

fl=(52)
fn=(200)
29 1
+1 1
+1 1
+1 1
+1 1
+1 1
+9 1
+1 1
+1 1
+1 1
+1 1
+1 1
+1 1

fl=(80)
fn=(322)
47 2
+4 2
-4 2
+4 2
+3 4
-1 2
+1 4
-1 2
+1 56
+1 2
-1 2
+1 2
+7 2
-7 4
+2 4
+5 21
+3 6
+3 1
-1 1
+1 2
-1 1
+1 28
+1 1
-1 1
+1 1
+1 2
+3 4
-11 2

fl=(91) /build/glibc-DfDqKW/glibc-2.24/misc/../sysdeps/unix/sysv/linux/wordsize-64/mmap.c
fn=(366) mmap
33 2
-1 20
+1 6
+1 20
+2 14
-3 4

fl=(107)
fn=(426)
48 20
+6 2
-6 6
+6 2
+13 2
-1 4
+5 2
+1 4
+9 2
cfi=(108)
cfn=(428)
calls=2 -49 
* 64
+2 2
+5 2
-5 4
+1 2
+4 2
+54 16

fl=(61)
fn=(244) handle_intel
262 6
-1 6
+17 3
-17 18
+14 3
+1 6
-3 9
+23 12
cfn=(246) intel_check_word
calls=3 133 
* 999
+1 6
+3 15
cfn=(246)
calls=3 133 
* 371
+1 6
-17 6
+5 3
-5 9
+5 3
+2 3
+1 3
-1 6
+27 24

fn=(246)
133 12
+6 6
-7 30
+7 24
-7 6
+7 6
+2 6
-2 6
+2 6
+68 12
+3 36
-69 6
+2 12
-2 9
+2 18
+8 30
+51 24
+22 12
fi=(62) /build/glibc-DfDqKW/glibc-2.24/string/../bits/stdlib-bsearch.h
27 12
+1 24
+3 24
+1 12
fe=(61)
+89 24
fi=(62)
-90 18
+1 9
fe=(61)
+89 18
+3 81
fi=(62)
-95 66
+2 66
-2 66
+2 120
+1 60
fe=(61)
+89 120
251 12
141 24
-6 3
256 36
fi=(62)
37 15
-8 36
fe=(61)
165 9
+3 9
+4 6
+2 6
+1 6
-1 6
+1 8
+2 4
-1 4
+1 6
-12 4
+12 4
+1 18
+1 14
+1 10
+17 5
-32 15
+3 15
+4 10
+2 20
+1 10
+1 10
+1 10
+5 3
+2 6
+2 3
+2 3
+1 3
-3 3
+2 3
-1 3
+1 3
-2 3
+3 3
-2 9
+2 9

fn=(242)
485 7
+12 4
774 3
+1 8
499 4
cfn=(244)
calls=1 262 
* 454
+2 2
-2 1
+2 1
cfn=(244)
calls=1 262 
* 517
+5 2
-5 1
+5 1
cfn=(244)
calls=1 262 
* 546
+8 1
-8 1
+8 1
+11 1
-20 1
+25 2
+4 2
+8 6
+3 2
+9 6
+14 2
+4 1
+3 1
+1 1
-4 1
+3 1
-3 1
+3 1
+6 4
-39 3
+3 9
+6 6
-6 3
+6 2
+3 20
+5 2
+4 1
+1 1
-1 3
686 4
+1 4
+4 2
+60 2
+2 1
+1 1
+2 1
-3 1
+5 1
-5 1
+4 3
+4 2
+2 1
+1 1
+2 1
-3 1
+5 1
-5 1
+4 4
587 2
+8 8
+2 3
+4 2
-4 1
-2 1
+4 1
+23 4
-23 6
+2 6
+2 2
+1 2
+1 8
+2 4
+3 2
+5 1
+2 2
+1 1
-1 1
+2 1
-2 1
+1 2
+7 2
+4 2
+3 1
+2 2
+1 1
-1 2
+1 1
+5 2
+6 2
+1 2
+1 1
+1 2

fl=(74) /build/glibc-DfDqKW/glibc-2.24/malloc/morecore.c
fn=(306) __default_morecore
46 2
+1 2
cfi=(75)
cfn=(308)
calls=2 -13 
* 73
+2 6
+3 4

fl=(88) /build/glibc-DfDqKW/glibc-2.24/stdlib/atoi.c
fn=(356) atoi
26 2
+1 6
cfi=(89)
cfn=(358)
calls=2 +79 
* 318
+1 4

fl=(117) /build/glibc-DfDqKW/glibc-2.24/misc/../sysdeps/unix/syscall-template.S
fn=(462) munmap
84 8
+1 2

fl=(119) /build/glibc-DfDqKW/glibc-2.24/stdlib/cxa_thread_atexit_impl.c
fn=(468) __call_tls_dtors
145 3
+1 4
+18 4

fl=(59) /build/glibc-DfDqKW/glibc-2.24/string/../sysdeps/x86_64/strrchr.S
fn=(238) rindex
24 1
+1 1
+1 1
+1 1
+1 1
+1 1
+1 1
+1 1
+1 1
+1 1
+1 1
+1 1
+1 1
+1 1
+1 1
+1 1
+1 1
+1 1
+1 1
+1 1
+1 1
+1 1
+1 1
+1 1

fl=(45)
fn=(180)
109 1
+1 1
+1 1
+1 1
+10 1

fn=(190)
129 1
+1 1
+1 1
+1 1
+10 1

fl=(103)
fn=(418)
37 1
-2 1
+2 2
+1 1
+9 2
+9 1
-18 3
+18 1
-18 1
+9 1
+9 1
+47 2
+4 1
-4 1
+4 1

fl=(125) /build/glibc-DfDqKW/glibc-2.24/posix/../sysdeps/unix/sysv/linux/_exit.c
fn=(536) _Exit
27 2
+4 1
+2 2

fl=(51)
fn=(374) __gettimeofday_syscall
29 8
+1 2

fn=(196)
37 2
-1 2
+1 12
fi=(47)
+11 6
+14 8
-17 6
+3 18
+14 24
-17 18
+22 2
fe=(51)
-30 4
+3 4
-3 2
+3 2
cfi=(48)
cfn=(186)
calls=2 -13 
* 12
+1 6
+1 4

fl=(55)
fn=(230)
52 8
+6 3
+14 1
fi=(57) /build/glibc-DfDqKW/glibc-2.24/csu/../sysdeps/unix/sysv/linux/x86_64/init-first.c
-36 1
fe=(55)
+34 1
+1 1
fi=(57)
-35 3
fe=(55)
+36 1
fi=(57)
-36 3
fi=(56) /build/glibc-DfDqKW/glibc-2.24/csu/../sysdeps/generic/dl-hash.h
+12 3
+14 4
-17 3
+3 9
+14 12
-17 9
+22 1
fi=(57)
-31 2
+2 2
-2 1
+2 2
cfi=(48)
cfn=(186)
calls=1 -11 
* 6
+1 2
+5 2
-3 2
+1 1
+2 1
cfi=(48)
cfn=(186)
calls=1 -17 
* 6
fe=(55)
+42 3
fi=(57)
-41 2
+1 1
fe=(55)
+40 1
cfi=(58) /build/glibc-DfDqKW/glibc-2.24/misc/init-misc.c
cfn=(236) __init_misc
calls=1 -55 
* 48
+8 1
cfi=(60)
cfn=(240)
calls=1 -63 
* 16
+5 6
-34 1
-7 1
+7 4
fi=(57)
-25 2
fe=(55)

fl=(58)
fn=(236)
31 2
-1 3
+1 4
+2 3
cfi=(59)
cfn=(238)
calls=1 -9 
* 24
+4 5
+1 3
+2 4

fl=(70) /build/glibc-DfDqKW/glibc-2.24/malloc/hooks.c
fn=(286) malloc_hook_ini
29 4
fi=(71)
257 1
fe=(70)
30 1
fi=(71)
257 1
fe=(70)
30 1
fi=(71)
257 1
fi=(69)
2923 7
+2 3
cfn=(300) _int_malloc
calls=1 3384 
* 1302
+3 1
-3 1
+3 1
+8 4
+2 10
fe=(70)
33 5
fi=(69)
2923 6
+12 1
cfi=(71)
cfn=(290)
calls=1 255 
* 58144
* 1
-15 2
fe=(70)

fl=(69)
fn=(284)
3220 1
-13 1
+15 1
-15 1
+13 1
-13 1
+10 1
-10 2
+10 1
+5 2
+8 2
+1 2
+3 3
cfi=(70)
cfn=(286)
calls=1 29 
* 59497
+4 1
-3 1
+3 2
-3 1
3346 5
-49 1
cfi=(77) /build/glibc-DfDqKW/glibc-2.24/string/../sysdeps/x86_64/multiarch/../multiarch/memset-vec-unaligned-erms.S
cfn=(312) __GI_memset
calls=1 91 
* 292

fn=(302) malloc_consolidate
4157 7
+22 2
+39 1
1811 6
4179 5
1811 16
+1 12
-1 480
+1 362
-1 2
+1 2
+4 1
-4 2
+4 2
+5 2
+2 2
4252 8
1820 3

fn=(460) free
2946 15
+5 6
+1 6
+6 6
+5 3
-2 3
+2 6
+18 3
+1 2
cfn=(478) _int_free
calls=1 3876 
* 105
+1 6
-16 2
+3 2
-3 4
+2 8
+1 4
+2 2
+1 2
-1 2
+1 2
+1 4
2842 4
+3 4
+1 2
+6 2
-7 2
+7 12
+7 2
+1 6
+5 4
cfi=(117)
cfn=(462)
calls=2 84 
* 10
2983 12
2842 4
2970 4

fn=(304) sysmalloc
2277 24
+20 3
+11 3
-11 3
+11 3
+1 12
fi=(71)
485 4
fe=(69)
2324 3
+65 1
+1 3
+10 1
-9 1
+9 5
+6 3
+3 3
2730 2
+1 1
+5 2
+3 2
+5 1
-3 1
+3 1
-2 1
+2 3
+1 1
-1 1
-1 1
+1 2
+1 1
+2 1
+6 24
2310 6
+14 8
+6 4
+19 6
+15 6
+5 6
+1 10
+3 6
+1 10
+4 4
+84 3
+19 1
-11 1
+11 2
-11 1
+1 1
+10 2
+8 1
-8 1
+8 1
+2 6
cfi=(74)
cfn=(306)
calls=1 46 
* 62
+1 1
-1 1
+1 1
+3 4
+3 4
+1 2
+46 2
+2 2
+6 1
-6 1
+6 1
+3 7
+37 2
+6 4
+19 1
+3 2
+1 5
+2 2
+1 5
cfi=(74)
cfn=(306)
calls=1 46 
* 25
+12 4
+8 2
+1 4
+39 1
+1 1
-2 1
+1 3
+12 1
-12 1
+1 1
+11 1
2546 2
2332 14
cfi=(91)
cfn=(366)
calls=2 33 
* 66
+2 4

fn=(478)
3876 10
+13 3
+6 4
+1 2
+11 4
+13 2
4140 8
3995 2
+1 2
+15 2
+8 3
+6 2
+1 2
+1 2
1895 3
4036 2
+7 2
+5 2
+13 1
-1 1
+2 2
+7 1
-2 1
+1 1
+1 1
+2 1
+1 1
+2 1
+1 1
+2 3
+1 1
+30 2
3997 6
+8 1
-4 1
+4 3
-7 2
4128 2
+1 3
+1 5
-78 2
-39 3
-2 2

fn=(300)
3384 12
-30 8
+30 4
-30 16
+30 12
-30 4
+30 16
+6 4
-2 8
+14 8
+37 8
+44 24
+1 8
+1 2
cfn=(302)
calls=1 4157 
* 915
3854 44
-2 8
+2 4
5042 4
3854 8
-2 4
5044 4
3854 12
5044 4
3854 24
5044 8
3854 4
5044 4
3854 8
5044 4
-2 8
3504 24
3868 36
3638 8
+73 8
+1 8
+1 8
+1 8
+1 8
+5 8
+4 12
+3 8
-3 6
3827 4
+3 4
-2 8
+2 8
+17 6
3640 16
+3 4
-3 4
+3 8
3483 6
3868 3
-6 9
cfn=(304)
calls=3 2277 
* 444
+1 3
-1 3
+1 3
1888 9
3483 32
3835 1
-3 1
+3 1
-2 1
+2 4
+2 1
-2 1
-1 1
+6 1
-5 2
+2 1
1888 3

fn=(364) malloc
2914 9
+5 6
+1 6
+3 24
+2 9
cfn=(300)
calls=3 3384 
* 633
+3 3
-3 3
+3 3
+8 12
+2 20
+3 15
-18 18

fl=(118)
fn=(464)
105 1
-1 1
+1 3
cfn=(466) __run_exit_handlers
calls=1 -70 
* 2699

fn=(466)
35 8
+5 3
+7 6
+4 3
-4 6
+4 6
+3 2
-1 2
+2 10
+33 1
+1 1
-1 1
+1 1
+6 2
+1 5
cfi=(98)
cfn=(522)
calls=1 954 
* 284
* 3
+2 2
cfi=(125)
cfn=(536)
calls=1 -71 
* 5
-19 2
+4 2
-4 2
+2 2
+2 2
-2 4
+2 2
cob=(1)
cfi=(121)
cfn=(480)
calls=1 +47 
* 609
cfi=(66)
cfn=(470)
calls=1 418 
* 1708
+1 2
-43 1
cfi=(119)
cfn=(468)
calls=1 145 
* 11
* 1

fl=(77)
fn=(312)
91 5
+2 1
+1 1
+1 1
+1 1
+53 1
+1 1
+10 1
+1 1
+1 1
+1 1
+1 1
+1 1
+1 1
+1 1
+1 1
+1 1
+1 1
+1 1
+1 1
+1 1
+2 38
+1 38
+1 38
+1 38
+1 38
+1 38
+1 38
+1 1

fl=(108)
fn=(428)
32 3
+3 3
+1 3
+1 3
+1 3
+1 3
+2 3
+1 3
+2 3
+1 3
+1 3
+1 3
+1 1
+2 1
+1 1
+1 1
+1 1
+26 2
+1 2
+1 2
+1 2
+1 2
+1 2
+1 2
+1 2
+1 2
+26 2
+1 2
+1 2
+2 2
+1 2
+1 2
+1 2
+1 2
+1 2
+2 2
+3 2
-5 1
+2 1
+3 1

ob=(2)
fl=(16)
fn=(86)
0 1
cob=(1)
cfi=(17)
cfn=(88)
calls=1 118 
0 6

fn=(218)
0 6

fn=(476)
0 1
cob=(3)
cfi=(69)
cfn=(460)
calls=1 2946 
0 131

fn=(520)
0 3

fn=(262) 0x00000000001087d0
0 5
cob=(5)
cfi=(63)
cfn=(266) __gmon_start__
calls=1 0 
0 60776
0 2

fn=(372) 0x0000000000108820
0 2
cob=(3)
cfi=(51)
cfn=(374)
calls=2 29 
0 10

fn=(404)
0 1
cob=(3)
cfi=(69)
cfn=(364)
calls=1 2914 
0 189

fn=(510)
0 1
cob=(3)
cfi=(122)
cfn=(490)
calls=1 31 
0 50

fn=(268) 0x0000000000108828
0 1
cob=(3)
cfi=(66)
cfn=(270)
calls=1 101 
0 60691

fn=(362) 0x0000000000108830
0 2
cob=(3)
cfi=(69)
cfn=(364)
calls=2 2914 
0 572

fn=(488) 0x0000000000108850
0 1
cob=(3)
cfi=(122)
cfn=(490)
calls=1 31 
0 50

fn=(458) 0x0000000000108800
0 2
cob=(3)
cfi=(69)
cfn=(460)
calls=2 2946 
0 130

fn=(330) 0x0000000000108838
0 1
cob=(3)
cfi=(65)
cfn=(256)
calls=1 57 
0 66

fn=(354) 0x0000000000108840
0 2
cob=(3)
cfi=(88)
cfn=(356)
calls=2 26 
0 330

fn=(382) 0x0000000000108818
0 2
cob=(3)
cfi=(93)
cfn=(384)
calls=2 28 
0 5822

fn=(502)
0 3

ob=(5)
fl=(63)
fn=(482)
0 8
cob=(2)
cfi=(16)
cfn=(488)
calls=1 0 
0 51
0 1
cfn=(496) 0x00000000000008e0
calls=1 0 
0 9
0 3

fn=(496)
0 9

fn=(252)
0 11
cob=(3)
cfi=(64)
cfn=(254)
calls=1 134 
0 6611058

fn=(368) init_vectors
0 4
cob=(3)
cfi=(86)
cfn=(350)
calls=1 29 
0 52
0 540011

fn=(370) wtime
0 8
cob=(3)
cfi=(86)
cfn=(350)
calls=2 29 
0 104
0 14
cob=(2)
cfi=(16)
cfn=(372)
calls=2 0 
0 12
0 18

fn=(348)
0 4
cob=(3)
cfi=(86)
cfn=(350)
calls=1 29 
0 32
0 9
cob=(2)
cfi=(16)
cfn=(354)
calls=1 0 
0 199
0 6
cob=(2)
cfi=(16)
cfn=(354)
calls=1 0 
0 133
0 6
cob=(2)
cfi=(16)
cfn=(362)
calls=1 0 
0 287
0 6
cob=(2)
cfi=(16)
cfn=(362)
calls=1 0 
0 287
0 11
cfn=(368)
calls=1 0 
0 540067
0 2
cfn=(370)
calls=1 0 
0 78
0 7
cfn=(376) dot_product
calls=1 0 
0 6000178
0 4
cfn=(370)
calls=1 0 
0 78
0 7
cob=(2)
cfi=(16)
cfn=(382)
calls=1 0 
0 4853
0 6
cob=(2)
cfi=(16)
cfn=(382)
calls=1 0 
0 971
0 3
cob=(2)
cfi=(16)
cfn=(458)
calls=1 0 
0 66
0 3
cob=(2)
cfi=(16)
cfn=(458)
calls=1 0 
0 66
0 3

fn=(328) atexit
0 6
cob=(2)
cfi=(16)
cfn=(330)
calls=1 0 
0 67

fn=(376)
0 4
cob=(3)
cfi=(86)
cfn=(350)
calls=1 29 
0 52
0 6000122

fn=(260)
0 15
cob=(2)
cfi=(16)
cfn=(262)
calls=1 0 
0 60783
0 8
cfn=(334) 0x00000000000009b0
calls=1 0 
0 17
0 11

fn=(266)
0 8
cob=(2)
cfi=(16)
cfn=(268)
calls=1 0 
0 60692
0 3
cfn=(328)
calls=1 0 
0 73

fn=(334)
0 17

totals: 6716728
